Frequency (Hz),Trace M (dB),Trace th (deg),Trace Rs (Ohm),Trace Xs (Ohm),Trace Gp (S),Trace Bp (S),Trace Ls (H),Trace Cs (F),Trace Vrms (V),Trace Vreal (V),Trace Vimag (V),Trace Irms (A),Trace Ireal (A),Trace Iimag (A)
10000,34.39706560605161,-88.78633334373856,1130.56964597601,-53364.88411483217,3.968179401877132e-07,1.873050764114807e-05,-0.8493285094401702,2.982390868673507e-10,0.7084259572624987,0.01678334800491749,-0.7082271218705434,1.327211345144928e-05,3.144301765524979e-07,-1.326838833966711e-05
10023.05238077899,34.34121571546326,-88.99566850173544,929.7640552384388,-53036.37312926922,3.304392810239793e-07,1.884919179894607e-05,-0.842158718373707,2.993962209546865e-10,0.7083783869317645,0.01419881779080096,-0.7082360712681841,1.335436939340822e-05,2.676765147357856e-07,-1.33516864544917e-05
10046.15790278395,34.33150730667054,-88.8969032787391,1020.032210035574,-52974.79205616645,3.633409746138894e-07,1.886990664244255e-05,-0.8392462169709416,2.990548644041454e-10,0.7082797294966878,0.01542159849450574,-0.7081118199237855,1.336760723299902e-05,2.910571388596061e-07,-1.336443821780947e-05
10069.31668851804,34.31711917163614,-88.9880092310917,934.3028868988041,-52891.83167138442,3.338681450266213e-07,1.890061346786578e-05,-0.8360047379664072,2.988350434753333e-10,0.7083821722709494,0.01430179749481219,-0.7082377853374714,1.339090353860098e-05,2.703540520615798e-07,-1.338817411997058e-05
10092.52886076684,34.29651778194265,-88.98022671783686,939.2947574486155,-52768.53522626297,3.37220708092414e-07,1.894468448044474e-05,-0.8321376472477522,2.988443797555991e-10,0.7084414162488317,0.01440332975483874,-0.7082949839922797,1.342328209187421e-05,2.729088869270419e-07,-1.342050754843002e-05
10115.79454259898,34.29501156547681,-88.98074352283741,938.6590053775786,-52759.56273844316,3.371072020546884e-07,1.894791236699534e-05,-0.8300826168255523,2.982077624551685e-10,0.7084081715005567,0.01440040266107838,-0.7082617918905134,1.342493684508208e-05,2.728998676839475e-07,-1.342216282708045e-05
10139.11385736679,34.24534367006982,-88.8185481508591,1081.859814208783,-52458.52027168217,3.929653381803753e-07,1.905457609965849e-05,-0.8234479783909757,2.992292855295698e-10,0.7084302731092275,0.01640997894284794,-0.7082401883885932,1.350166511941172e-05,3.127506668094772e-07,-1.349804237721713e-05
10162.48692870695,34.23217211907173,-88.83987750272968,1060.758161789214,-52381.24413151006,3.864441161060186e-07,1.908297698581122e-05,-0.8203438771747481,2.989815040399108e-10,0.7083317744463823,0.0161482338328836,-0.7081476803848468,1.351980627728984e-05,3.082185509913051e-07,-1.351629250572326e-05
10185.91388054117,34.19792675474758,-88.9730211080205,935.446170720964,-52183.52394958071,3.43409621265228e-07,1.915698065448167e-05,-0.8153677600196658,2.994240828827475e-10,0.7084722603798024,0.01450964486206586,-0.7083236646714857,1.357432549286999e-05,2.78004733788792e-07,-1.357147839973122e-05
10209.3948370768,34.18768303183875,-88.96346418502077,943.0548555742895,-52122.81858912307,3.470076310514477e-07,1.917917679488703e-05,-0.8125461262615153,2.990833517958178e-10,0.7084188720442915,0.0146308661870406,-0.7082677714135546,1.358906982827699e-05,2.806529725699357e-07,-1.358617137779352e-05
10232.92992280754,34.14984886958855,-88.9565707267834,945.2734552525125,-51900.20379050407,3.508126894757653e-07,1.926135762610969e-05,-0.8072149465545403,2.996753826175938e-10,0.7084079156738803,0.01472003784530431,-0.7082549650198325,1.36471161477805e-05,2.835739998521862e-07,-1.364416963166389e-05
10256.51926251407,34.14101250156409,-89.00121392291589,903.9444540274984,-51849.89762714243,3.361351726418493e-07,1.928058102763862e-05,-0.8045777807222374,2.992762327555061e-10,0.7084155650015449,0.01417252977604907,-0.7082737833184319,1.366069395476623e-05,2.732952258537624e-07,-1.365795991520374e-05
10280.16298126474,34.14129130321571,-88.94197168814804,957.5662878283536,-51849.52987307026,3.560664879044796e-07,1.928000205946251e-05,-0.8027216096991094,2.985900343205071e-10,0.7084008414320048,0.01490875199740782,-0.708243941912285,1.366025316563345e-05,2.874888266035214e-07,-1.365722763681476e-05
10303.86120441616,34.10954269589919,-88.91097593718004,982.0756576730342,-51662.78327911838,3.678175446933822e-07,1.934930160348013e-05,-0.7979908860993734,2.989801338665102e-10,0.7083736077960643,0.01529552013519515,-0.7082084546839342,1.370896494847497e-05,2.960101097702816e-07,-1.37057687844728e-05
10327.61405761398,34.09332899621398,-88.81289402843912,1068.518275002561,-51564.75364876407,4.016887008433273e-07,1.938476803536993e-05,-0.7946448605393268,2.9885958179904e-10,0.708429567964117,0.01651337322779827,-0.7082370798471829,1.373564474232383e-05,3.201755522518328e-07,-1.373191261634987e-05
10351.42166679344,34.03521268926249,-88.93864495325829,949.1309925485671,-51231.65891827222,3.614933256379087e-07,1.951248342505851e-05,-0.7876958375483514,3.001108609712858e-10,0.7084895213398321,0.01496441888156306,-0.7083314676165965,1.382671555886395e-05,2.92042093985777e-07,-1.382363101942e-05
10375.28415818013,34.02309092343274,-88.96606247921612,923.358355911021,-51162.46668575035,3.526353944329527e-07,1.953921411377898e-05,-0.7848227913248659,2.998255622571734e-10,0.7084573662663861,0.01462904198932319,-0.7083063115260085,1.38449073970398e-05,2.858855610704886e-07,-1.384195543550761e-05
10399.20165829059,34.02362173173573,-89.0150125131058,879.71521724885,-51167.15108847367,3.359164509473697e-07,1.953801350905345e-05,-0.7830894415984484,2.991085964078547e-10,0.7085122067561055,0.0140292422709713,-0.7083732967042934,1.384491969373436e-05,2.741430997989892e-07,-1.384220527541714e-05
10423.17429393304,33.98991101532822,-88.88408610230692,992.8020366413961,-50968.24586796942,3.820309375599366e-07,1.961261765799427e-05,-0.7782512353585049,2.995852619821191e-10,0.7084426641278719,0.01565063305523475,-0.7082697692557315,1.389700320914799e-05,3.07007057602247e-07,-1.389361165650069e-05
10447.202192208,33.95881207551226,-88.94407007851652,936.1665742716469,-50791.55323826274,3.627627022719733e-07,1.968162676566204e-05,-0.7737695333602227,2.999360291861814e-10,0.7084774235270452,0.01491412902150711,-0.7083204277747819,1.394630857970321e-05,2.935831666956501e-07,-1.394321813372136e-05
10471.285480509,33.93628717253946,-88.92441560247067,951.1601406863454,-50661.81689384824,3.704580731331158e-07,1.973177624366696e-05,-0.7700180268870391,3.000125143555198e-10,0.7084898892518434,0.01516165683481526,-0.7083276412325814,1.398217928218224e-05,2.992181078309708e-07,-1.397897728744962e-05
10495.42428652322,33.90285179887596,-88.97494901368324,903.0761552720822,-50472.54471989873,3.543846970958203e-07,1.980641097408621e-05,-0.7653768693194654,3.004449648911318e-10,0.7084358165851009,0.01454010739908387,-0.7082865885342047,1.403376805149832e-05,2.880324369626303e-07,-1.403081191658246e-05
10519.61873823223,33.89980361901741,-89.02890404579155,855.2674541555064,-50456.93261595449,3.358423752771177e-07,1.981318944922526e-05,-0.7633803504587198,2.998467088532635e-10,0.7084598246145749,0.01387788552788597,-0.708323885935092,1.403881612548291e-05,2.750037142084728e-07,-1.403612236916915e-05
10543.86896391259,33.8752354449099,-88.86330241942466,998.2678082634228,-50311.5595684876,3.942217315891797e-07,1.986832588195369e-05,-0.7594302838353759,3.000214818395356e-10,0.7083187781651112,0.01592622984135174,-0.7081397084646196,1.407582896363249e-05,3.164886971697805e-07,-1.407227046066124e-05
10568.17509213659,33.84571236173468,-88.93421747443659,932.9036073224901,-50146.51020319292,3.708557887737851e-07,1.993466790104183e-05,-0.7551980269123998,3.003166540570564e-10,0.7083446227504594,0.0150546234616938,-0.708184624862696,1.412300840352031e-05,3.001597906337712e-07,-1.4119818358109e-05
10592.53725177289,33.82779368149245,-88.92725114868934,937.1001147424561,-50044.89861226714,3.740366102106784e-07,1.997505276201353e-05,-0.7519343856300298,3.002343080054534e-10,0.708471039339136,0.01514776289711464,-0.7083090842714701,1.415417714802241e-05,3.026293349153674e-07,-1.415094153133453e-05
10616.95557198725,33.8043443832571,-88.98258338861176,886.4365139894534,-49914.39307814101,3.556797158389805e-07,2.002798493307508e-05,-0.7482486232473773,3.003269716187124e-10,0.7085014965994779,0.01446868539177676,-0.708353744838505,1.41920443468216e-05,2.898232758940609e-07,-1.418908472068938e-05
10641.43018224316,33.77318140641455,-88.98763300298855,878.9406582391334,-49739.22448189069,3.551615497071971e-07,2.00985810391493e-05,-0.7439078494411187,3.006914795575383e-10,0.7085679325215435,0.01441196054141299,-0.708421350886044,1.424338250488699e-05,2.897041443947114e-07,-1.424043597258319e-05
10665.96121230258,33.78145441363576,-88.9040059577476,952.398696532657,-49782.90738522513,3.841486916532013e-07,2.007986656045469e-05,-0.7428487347868514,2.997366680550629e-10,0.708326689288724,0.01544503630027111,-0.7081582800563783,1.422565695770046e-05,3.101899045022834e-07,-1.422227471613864e-05
10690.54879222658,33.72888078893628,-88.99108523700586,871.5742266839508,-49491.16121917833,3.557250275409276e-07,2.019936357538563e-05,-0.7367968754903937,3.008101510843097e-10,0.708411739098472,0.01437484332458096,-0.7082658794350574,1.431163349828651e-05,2.904066631059824e-07,-1.430868677969087e-05
10715.19305237607,33.73127487791602,-88.88949862259149,959.5465638363303,-49501.13974709825,3.914465781097027e-07,2.019396712657807e-05,-0.7352505028069818,3.000578085524154e-10,0.7083343781760205,0.01563326518382097,-0.7081618404896595,1.43067165153061e-05,3.157558069812501e-07,-1.430323165301079e-05
10739.89412341244,33.72015136804266,-88.9006345584425,948.7369185623304,-49439.38399215273,3.880072124539191e-07,2.02193434164055e-05,-0.7326443124440525,2.997416411094841e-10,0.7084405993041484,0.01550234374795577,-0.708270965154397,1.432678889750987e-05,3.135037807146378e-07,-1.432335838737862e-05
10764.65213629835,33.68117838972059,-88.86275983000768,977.0961745772794,-49221.03210538413,4.031482437062071e-07,2.030851533655556e-05,-0.727730953538325,3.003788951554138e-10,0.7086161912356186,0.01597889701176277,-0.7084360107529559,1.43937254536113e-05,3.245704225834834e-07,-1.439006554796474e-05
10789.46722229829,33.67438352302172,-88.871407278715,968.9267050998752,-49183.58029016108,4.003889932619135e-07,2.032410098074881e-05,-0.7255047687580661,2.99916246287016e-10,0.7083823041230954,0.01587114882205998,-0.708204487016154,1.439997414243449e-05,3.226282352314086e-07,-1.439635948164026e-05
10814.33951297938,33.63744946892926,-88.89630157088362,943.6227288989875,-48979.78547123262,3.931909130472258e-07,2.040901091134354e-05,-0.7208368999300654,3.004714778441713e-10,0.7084891626894965,0.01557021249700346,-0.7083180515356516,1.446219290856074e-05,3.178304321609428e-07,-1.445870006400358e-05
10839.26914021203,33.60512929225158,-88.90266128444776,934.7716134376026,-48801.63145744527,3.923534920742725e-07,2.048360288866265e-05,-0.7165631535605008,3.008747834896903e-10,0.7084822678639946,0.01549587329787697,-0.7083127852781179,1.45148776746007e-05,3.17468362416338e-07,-1.451140543667245e-05
10864.25623617066,33.58636478219711,-88.79486261203037,1024.375724597445,-48694.65552918812,4.318217673603788e-07,2.05270504822653e-05,-0.7133479698154687,3.008422538763525e-10,0.7084650644360747,0.01683252913269041,-0.7082650728995527,1.454586155871364e-05,3.455973353351164e-07,-1.454175542935146e-05
10889.30093333433,33.57149700743564,-88.87152622602719,957.6376211944389,-48615.66150465433,4.050235906772773e-07,2.056152489206376e-05,-0.7105527606884574,3.006380405186591e-10,0.7085526395706537,0.01589125059226195,-0.7083744145557168,1.45716944891637e-05,3.268105088444772e-07,-1.456802921389274e-05
10914.40336448757,33.54633461321862,-89.04187407866304,810.8365844809525,-48483.38050812561,3.44846717776689e-07,2.061985726217337e-05,-0.706989599704585,3.007649599444831e-10,0.708609416331209,0.01379066346232667,-0.7084752095271405,1.461341335926895e-05,2.844002083925891e-07,-1.461064565754459e-05
10939.56366272094,33.54177155440737,-88.82190087401703,996.3780879295572,-48451.11283117767,4.242609201947119e-07,2.063063606399435e-05,-0.7048941203809503,3.002730637636202e-10,0.7085590691113897,0.01651387510554465,-0.7083666044845688,1.462105980885683e-05,3.407624940810726e-07,-1.461708831665171e-05
10964.78196143185,33.53336602226721,-88.85759989847016,965.2858088217067,-48406.39766862879,4.117918318386796e-07,2.065021466855319e-05,-0.7026238636876843,2.998591926433538e-10,0.708499439507291,0.0160756453893116,-0.7083170401786636,1.463351875254648e-05,3.320302672749789e-07,-1.46297514327053e-05
10990.05839432521,33.49018478637533,-88.83752278982223,977.4657924913024,-48170.38917671066,4.210779208280347e-07,2.075109684228369e-05,-0.6975900648619405,3.006353023080043e-10,0.7086043670912826,0.01633076030798617,-0.7084161597031792,1.470728885723541e-05,3.389496597286524e-07,-1.470338255838876e-05
11015.39309541415,33.46852838864075,-89.09397059304624,760.063891632377,-48061.1588193081,3.289675208839278e-07,2.08016200238646e-05,-0.6944074469754487,3.006255537062046e-10,0.7085685225705105,0.01316367750962965,-0.7084462356256673,1.474115982317844e-05,2.738590098897883e-07,-1.473861574827135e-05
11040.78619902073,33.48405960156908,-88.97345891283385,862.6230696613283,-48141.64112785771,3.720830355568074e-07,2.07653708758014e-05,-0.6939705212962306,2.994327097607238e-10,0.7085800708657336,0.01465849589213343,-0.708428433454127,1.471623333728617e-05,3.044367952075272e-07,-1.471308403684206e-05
11066.23783977666,33.43572924389161,-89.0227238934184,816.7771733304465,-47881.39822529873,3.56158725066634e-07,2.087886182812168e-05,-0.6886316126621037,3.003677542760329e-10,0.7086983906398427,0.01405623208729089,-0.7085589821849776,1.479891133581414e-05,2.935196906368548e-07,-1.479600023372859e-05
11091.74815262401,33.41159852835543,-88.83516516028546,970.7997738873388,-47745.02308171748,4.25690479654141e-07,2.093593583707717e-05,-0.6850909637444562,3.005329013107471e-10,0.7086198568009858,0.01637835568514442,-0.7084305547600983,1.483862874956996e-05,3.429657484302215e-07,-1.483466473038632e-05
11117.31727281591,33.38994307918035,-88.92856026212961,890.8228544521113,-47631.6477513438,3.925077711073521e-07,2.098710400122039e-05,-0.6818922228454291,3.005553936472235e-10,0.7086633511451614,0.01522903860570282,-0.7084996976989025,1.48753343564393e-05,3.196680635747286e-07,-1.487189915730314e-05
11142.9453359173,33.36555837742169,-88.92060869574284,894.9650825450248,-47500.52687049261,3.965108678830356e-07,2.104492734036127e-05,-0.678451111712822,3.006918830757669e-10,0.7085536000990372,0.01532954920150745,-0.7083877533770504,1.491404713147993e-05,3.22665242634667e-07,-1.491055629348551e-05
11168.63247780561,33.32910691276165,-88.93537017495468,879.1095464539439,-47306.08566075972,3.926982928865716e-07,2.113163161185112e-05,-0.6741198966122504,3.012333959090144e-10,0.7085257979471745,0.01515101642150693,-0.7083637858177645,1.497483234736143e-05,3.202197174210752e-07,-1.497140818908352e-05
11194.37883467151,33.29764337402961,-89.00644363984802,817.5421115513279,-47140.77548199673,3.677782877269772e-07,2.120667968527286e-05,-0.6702191832125147,3.015944943068396e-10,0.7086811496544232,0.01428001336786871,-0.7085372630241323,1.503097466089785e-05,3.028760101695721e-07,-1.502792285643685e-05
11220.18454301964,33.29272480527079,-88.86969876956852,929.4851663385356,-47110.15699814511,4.186434814160244e-07,2.121858513724328e-05,-0.6682434078817913,3.010964118520335e-10,0.7084191391370376,0.0159696843874202,-0.7082391163132884,1.503451759128852e-05,3.389187101049652e-07,-1.503069703342812e-05
11246.04973966926,33.2630601159595,-89.02426231730456,799.7610491259924,-46957.80810472692,3.625923668212427e-07,2.128953741875512e-05,-0.6645504376764162,3.013785332447952e-10,0.7086609827088128,0.01406845321957322,-0.708521324335287,1.508919236017243e-05,2.995531036981804e-07,-1.508621867866003e-05
11271.97456175511,33.25892663258487,-88.82337976149769,963.8712888097416,-46929.3247661027,4.374689845978354e-07,2.129965306741431e-05,-0.662619842829665,3.008678801863362e-10,0.7085822769200424,0.01655525397748234,-0.7083888527715076,1.509567921100403e-05,3.52694120980636e-07,-1.509155849137408e-05
11297.95914672798,33.21721308698752,-88.8929941652062,902.618416104739,-46711.39825708338,4.135198141465052e-07,2.140006051411108e-05,-0.6580259173181769,3.015763384711206e-10,0.7086625491702355,0.01570094935151592,-0.7084885946759606,1.516819145328084e-05,3.360626380509481e-07,-1.516446813662411e-05
11324.00363235557,33.22076508828804,-88.92764439309398,874.7305224127468,-46731.24720556232,4.004122884406322e-07,2.139146303441193e-05,-0.6567914697910994,3.007549331574099e-10,0.7087507072108621,0.0152790140031891,-0.7085859980997278,1.516380909001433e-05,3.268963954050561e-07,-1.516028511819855e-05
11350.10815672315,33.17926252571154,-88.86900489452799,918.2293132744301,-46511.10386920764,4.242956943066961e-07,2.149186572881528e-05,-0.6521939691878776,3.014834557336811e-10,0.7086620106466972,0.01600685056071508,-0.7084812108086893,1.523337469186114e-05,3.440827200621112e-07,-1.522948822463809e-05
11376.27285823431,33.15950408377124,-88.8347595127948,943.910883291133,-46406.43199868232,4.381219355096893e-07,2.153982559928862e-05,-0.6492295970645815,3.014685090348821e-10,0.7087212477017517,0.01643633110132355,-0.7085306302227556,1.5268827323947e-05,3.541074890010081e-07,-1.526472062419564e-05
11402.49787561169,33.13624525248255,-88.77481689331265,989.838648842028,-46282.82274712162,4.618767835709965e-07,2.159641001089938e-05,-0.6460110846594009,3.015784420567591e-10,0.7087647179313384,0.01718330301578979,-0.708556391179811,1.531021090849046e-05,3.711809950756151e-07,-1.530571078817821e-05
11428.78334789772,33.11379939572821,-88.88054478038002,902.181056646452,-46169.41195389691,4.23076808251252e-07,2.165109464933778e-05,-0.6429459644503969,3.016239260134225e-10,0.7086414457309144,0.0158776899940289,-0.7084635470989696,1.534572879625045e-05,3.438335790647893e-07,-1.534187637670105e-05
11455.12941445536,33.1041390037491,-88.92910648199873,862.1254917308723,-46120.73854087722,4.051597136652432e-07,2.167464644124525e-05,-0.6407909725198422,3.01247796224083e-10,0.7086952285026994,0.01528306418891862,-0.7085304191433779,1.536333840971073e-05,3.313115111100168e-07,-1.535976561585166e-05
11481.53621496883,33.06768533274418,-88.79298840372827,967.6570865428243,-45927.03613420731,4.585554850834979e-07,2.176400568533091e-05,-0.63663212704843,3.018225695851675e-10,0.7085973687368712,0.01696863527327172,-0.7083941673939587,1.542527574739631e-05,3.693859019174652e-07,-1.542085230908711e-05
11508.00388944436,33.04788710802447,-88.90680659688488,874.5047899308048,-45828.44464159186,4.162304479129953e-07,2.181256667769082e-05,-0.6338043998762323,3.017762194500836e-10,0.7087236371017347,0.01556885770746815,-0.7085526123418048,1.546183133397471e-05,3.396571517212846e-07,-1.545810018144425e-05
11534.53257821092,33.02905006819975,-88.93548296704761,849.770489256228,-45732.15711610018,4.061704721395244e-07,2.185890435435498e-05,-0.6310181027215479,3.017160717979011e-10,0.7087204842968075,0.01521887908219237,-0.7085570623325851,1.549446251443297e-05,3.327240522540938e-07,-1.549088968769128e-05
11561.12242192099,33.00986390257097,-88.99001531352717,804.5185196582248,-45635.08912824729,3.86192009708873e-07,2.190615424386792e-05,-0.6282305253881177,3.016624323931673e-10,0.7086964319108079,0.01454872635587772,-0.7085470818262766,1.5527160265399e-05,3.187548230997417e-07,-1.552388808482386e-05
11587.77356155126,32.96032551149182,-89.00587106631531,787.4851877391781,-45381.48755297023,3.822558912173773e-07,2.202878382910808e-05,-0.6233024860689138,3.026505058897947e-10,0.7085557458897325,0.01435453706614241,-0.7084103276343252,1.561090507612341e-05,3.162592595588342e-07,-1.56077012201182e-05
11614.48613840343,32.97062888144026,-89.01755603183227,779.1376032356426,-45434.57195247147,3.773232684948101e-07,2.200320087308668e-05,-0.6225963531516376,3.01601634488302e-10,0.7088013334966514,0.01421974092139676,-0.7086586832423347,1.559812479695981e-05,3.129244867221046e-07,-1.559498558662823e-05
11641.26029410492,32.94682831530827,-88.85902433115318,902.3683724618201,-45307.77146201567,4.394062481049915e-07,2.206251734400748e-05,-0.619430852543457,3.017501053764641e-10,0.7085595789894485,0.01617971499153898,-0.7083748257811658,1.563564134771509e-05,3.570345080603586e-07,-1.563156443592362e-05
11668.09617060962,32.91449235785656,-88.8541219452636,902.946578916176,-45142.78822958201,4.42906016286358e-07,2.214307353910356e-05,-0.6157557999723985,3.021563683473502e-10,0.708565908560117,0.01624524347879224,-0.7083796572728066,1.569289796066952e-05,3.597900282515343e-07,-1.568877297750071e-05
11694.99391019871,32.87509692659386,-88.92885584630817,840.3489948596805,-44945.24951518629,4.158534391112575e-07,2.224151715172185e-05,-0.611651334217665,3.027863800888539e-10,0.7087464387410372,0.01532994195060546,-0.7085806286569608,1.576628321473317e-05,3.410192887713064e-07,-1.576259471825191e-05
11721.9536554813,32.87212956169932,-88.83333394213113,914.9392115374753,-44927.08922727947,4.53101602066873e-07,2.22490585695571e-05,-0.6099980036952786,3.022121006132687e-10,0.7085278047638541,0.01651094699597574,-0.7083353999009102,1.576727693582152e-05,3.674276041220236e-07,-1.576299523969409e-05
11748.9755493953,32.83488824269313,-88.92857091161217,836.7724586210786,-44742.05735506058,4.178530729182046e-07,2.234252091100513e-05,-0.6060885531867064,3.027639631285865e-10,0.7085773726362543,0.01533940952977685,-0.7084113180401447,1.58341043063134e-05,3.427795183299326e-07,-1.583039359539194e-05
11776.05973520807,32.81538045252714,-88.75791750358459,967.8368270846998,-44638.1609520992,4.854957598184063e-07,2.239183017411584e-05,-0.6032904151137685,3.027706950655579e-10,0.7084848187265237,0.01745185302559445,-0.7082698434861732,1.58679308534349e-05,3.908690627587531e-07,-1.586311605407869e-05
11803.2063565173,32.79797497248322,-88.89973238977836,855.7160233631211,-44555.42384155749,4.308919122392917e-07,2.243568106188654e-05,-0.6007872548989919,3.026352781716166e-10,0.7086627984454451,0.01570750935365635,-0.7084886986045962,1.590219471658569e-05,3.524721105755397e-07,-1.58982879649185e-05
11830.41555725165,32.77890617665921,-88.74600530815279,973.1052810341232,-44454.67217561907,4.921720612587305e-07,2.248404983888721e-05,-0.5980500673066103,3.026235486942841e-10,0.7085079984495606,0.01760934906497085,-0.7082891321293238,1.593387497676461e-05,3.960225813081312e-07,-1.592895281838262e-05
11857.6874816716,32.73613815614895,-88.71022825521503,996.0388560572004,-44239.75250519278,5.086637783612177e-07,2.259265241130733e-05,-0.5937899192609611,3.033943179578954e-10,0.7088329232939365,0.0180647513110331,-0.7086026939727921,1.60184032473003e-05,4.082322668050373e-07,-1.601320046116516e-05
11885.02227437018,32.72642996373106,-88.62457845434544,1060.973429304705,-44188.35984614005,5.430482875674227e-07,2.261735542292058e-05,-0.591736029961231,3.030485773914413e-10,0.7085443159361134,0.0191210749202292,-0.7082862642599176,1.602994584693109e-05,4.325908607444435e-07,-1.602410774435643e-05
11912.42008027375,32.69856343475454,-88.69393563897277,1004.351779699511,-44052.30886149467,5.17276579899513e-07,2.268849234415518e-05,-0.5885573764753151,3.032853665002766e-10,0.7087780565745173,0.01827457163504047,-0.7085424288728979,1.608521248090636e-05,4.147283695093711e-07,-1.607986507827195e-05
11939.88104464273,32.68258261395452,-88.76297448065475,949.5849440225471,-43975.45140343814,4.908070045091852e-07,2.272936161332844e-05,-0.5861792457886276,3.031166730087923e-10,0.7086542859837425,0.01742263919716987,-0.7084400812253165,1.6110941940901e-05,3.96096000708178e-07,-1.610607209040448e-05
11967.40531307244,32.68579661554195,-88.77363735438642,941.7456713827163,-43991.72812330593,4.863989257462007e-07,2.272113368939413e-05,-0.5850475356033015,3.023076302918744e-10,0.7087129807296064,0.01729712495502043,-0.7085018691033453,1.610637899007934e-05,3.930985568763125e-07,-1.61015812172796e-05
11994.99303149379,32.65762354406422,-88.69728931827937,997.1650924692347,-43849.72554631162,5.183329039845936e-07,2.2793372685224e-05,-0.5818178097806983,3.025890808707295e-10,0.7086313283867557,0.01824401067587004,-0.7083964396054209,1.615620052784608e-05,4.159481568258449e-07,-1.615084526044402e-05
12022.64434617413,32.63250744705535,-88.58755121611294,1078.046834520537,-43721.95408078322,5.636046232708829e-07,2.285790808831248e-05,-0.5787882360346026,3.02775386962701e-10,0.7086121926942615,0.01960515027119706,-0.7083409332502343,1.620224150075611e-05,4.482668836741304e-07,-1.619603922105108e-05
12050.35940371797,32.62181835227067,-88.74935775613079,953.4822343841647,-43675.02501707088,4.996194568871887e-07,2.288547336454256e-05,-0.5768372451185443,3.024036085311929e-10,0.7086067643188024,0.01760947418696945,-0.7083879254033212,1.622059103451064e-05,4.030953322809311e-07,-1.621558163193477e-05
12078.1383510678,32.62272459200373,-88.81284553289321,905.2017729719795,-43681.61053051297,4.742001114714533e-07,2.288310208983987e-05,-0.5755973342970941,3.016626135086549e-10,0.7085781597140905,0.01682878111803331,-0.7083782891576283,1.621787291890222e-05,3.851756222099913e-07,-1.621329829965875e-05
12105.98133550482,32.58638080424091,-88.77571770728873,929.6805381679322,-43501.94749763306,4.91041314911849e-07,2.297698254774629e-05,-0.5719115027929864,3.022118098594435e-10,0.7086162635876322,0.01729369057465369,-0.7084052069876426,1.628550599424712e-05,3.9744572060806e-07,-1.62806554655465e-05
12133.88850464977,32.53790091707063,-88.71475711785142,970.62718157593,-43263.03895529096,5.183222550698993e-07,2.31027899672817e-05,-0.5674624832981787,3.031817874151326e-10,0.7086640229793196,0.01805357780385749,-0.7084340235997377,1.63761600240604e-05,4.171910376935035e-07,-1.637084508422526e-05
12161.86000646368,32.52647418161504,-88.84393136447646,872.0102125652088,-43211.72888485411,4.668114116011247e-07,2.313244485878702e-05,-0.5654858917892696,3.028436619806798e-10,0.708669458941262,0.01646145935181746,-0.7084782441205301,1.639651831284544e-05,3.808695525294358e-07,-1.639209416662289e-05
12189.89598924867,32.51208722977719,-88.84171305320169,872.2682377777345,-43141.71050926089,4.684657417258983e-07,2.316995224374405e-05,-0.5632711293881716,3.026375213498633e-10,0.7087396087304293,0.01649550915952908,-0.7085476209549574,1.642474212087839e-05,3.822764817436685e-07,-1.642029288499028e-05
12217.99660164872,32.49037978344892,-88.72753710682427,955.853599038389,-43032.58901146058,5.159198121095453e-07,2.322674231672624e-05,-0.5605541954637419,3.027071337576753e-10,0.7086685803755286,0.01791063473697037,-0.708442210751721,1.646404512673035e-05,4.161063531299842e-07,-1.645878602564291e-05
12246.16199265049,32.45808680451115,-88.66896662951271,996.1907514597675,-42874.40027099642,5.416415721750464e-07,2.331135631887324e-05,-0.557209086350874,3.031252216286716e-10,0.7087058388399948,0.01864081837413494,-0.7084606452699002,1.652527518195629e-05,4.346579869493562e-07,-1.651955787161877e-05
12274.39231158407,32.42743784118612,-88.81792059487501,881.7313836239994,-42731.74773725769,4.82669791231918e-07,2.339184488879722e-05,-0.5540778481491094,3.034376566044506e-10,0.7086060097776282,0.0168016008490823,-0.7084067922471384,1.657905142758965e-05,3.931022326923026e-07,-1.657439039220793e-05
12302.68770812382,32.38777545649877,-88.79506489534636,894.7652676620809,-42540.64415644734,4.942070164080648e-07,2.349653656044117e-05,-0.5503312739817947,3.040997547373686e-10,0.7086346689996318,0.01708991192780598,-0.7084285631018258,1.665406358776738e-05,4.016406371379112e-07,-1.664921976502198e-05
12331.04833228909,32.38975603330893,-88.73678467747678,938.2229348287126,-42548.17305655577,5.18003973657334e-07,2.349134933391878e-05,-0.549162721530195,3.033466580125809e-10,0.7089098169590514,0.01782246528815038,-0.7086857472194347,1.665721656374063e-05,4.187735264803354e-07,-1.665195160889181e-05
12359.47433444511,32.34627915763474,-88.79951148016654,887.3113505117387,-42342.55877090175,4.946877626231009e-07,2.360653411007778e-05,-0.5452519540225784,3.04118635074351e-10,0.7087409154692127,0.01704758867486014,-0.7085358600526231,1.673450918204523e-05,4.025208972481988e-07,-1.672966749493948e-05
12387.96586530369,32.35745649153295,-88.80766000347535,882.401535043473,-42396.11638934065,4.907112461942072e-07,2.357685280565956e-05,-0.5446859932155186,3.030358821576873e-10,0.7087460266937845,0.01695201235855465,-0.7085432658851696,1.671353882932591e-05,3.997597250902522e-07,-1.670875735539841e-05
12416.52307592411,32.30354726602675,-88.72875122163111,935.0684002733386,-42137.05614748167,5.263821881308277e-07,2.372039928824378e-05,-0.5401126170510756,3.041977102715503e-10,0.7087535259654535,0.0179330844002137,-0.7085266156273577,1.681597388523547e-05,4.254825802029464e-07,-1.681059018246727e-05
12445.14611771385,32.29187034989862,-88.81594877775187,869.827150696549,-42084.60653353493,4.909089289512202e-07,2.375151097797656e-05,-0.5381996398062351,3.038763214939376e-10,0.7088079349222091,0.01686115474548588,-0.7086073595929803,1.683877277186464e-05,4.0056147715339e-07,-1.683400781054561e-05
12473.83514242943,32.25120518533415,-88.76643273541171,902.0413824195332,-41890.84761136836,5.137914120795777e-07,2.386049927080295e-05,-0.5344896250055847,3.045797204682513e-10,0.7087246902837795,0.01747659091831243,-0.7085091780546764,1.691436204865707e-05,4.17094804542855e-07,-1.690921865247102e-05
12502.5903021772,32.22320021340673,-88.78434991959664,886.1513713082047,-41759.64405363479,5.079240985817928e-07,2.393578597269005e-05,-0.5315901435030366,3.048339568581932e-10,0.7088694529608575,0.01726367023338054,-0.7086592037299018,1.697108366219739e-05,4.133105053737812e-07,-1.696605007346881e-05
12531.41174941416,32.22522626931863,-88.79861899046517,875.9561160439122,-41769.62394191133,5.018457645256401e-07,2.393031851383995e-05,-0.5304942694709198,3.040601926806766e-10,0.7087802973977635,0.01709016202938171,-0.7085742278273121,1.696498358803528e-05,4.090609169157181e-07,-1.696005121774573e-05
12560.29963694875,32.19248412107272,-88.77753091686613,888.044366563214,-41615.34538302547,5.125425652050292e-07,2.401866019043185e-05,-0.527319261293831,3.044855087504181e-10,0.7087299337290646,0.01735486209610405,-0.7085174152589543,1.702653414164544e-05,4.169333591543008e-07,-1.702142859605627e-05
12589.25411794167,32.14079433904103,-88.67214957064226,958.9487102191874,-41370.53058810577,5.599895443413335e-07,2.415881509230795e-05,-0.5230114810414215,3.055828948690724e-10,0.7086763897002507,0.01866171423081005,-0.7084306358003931,1.712529510087659e-05,4.50963751488922e-07,-1.711935641275544e-05
12618.27534590671,32.14814625609625,-88.70419070255015,936.5998905821074,-41405.83897715824,5.460202743709375e-07,2.413883215896535e-05,-0.5222539345061559,3.046200904719052e-10,0.7088521793747564,0.01827523463918009,-0.7086165592217167,1.711515483674843e-05,4.412534511826802e-07,-1.710946581508881e-05
12647.36347471152,32.11385927558072,-88.5752569695224,1025.75375685659,-41241.99645607457,6.026916651061735e-07,2.423213890299172e-05,-0.518990982752033,3.051268678937943e-10,0.7086994128505795,0.01987069136873114,-0.7084207883731849,1.717852684569375e-05,4.816558316977358e-07,-1.717177312475367e-05
12676.51865857846,32.10505073857731,-88.49524540420974,1082.236065754292,-41198.28052728676,6.371830826446696e-07,2.425611954425143e-05,-0.5172484788137847,3.04748124242445e-10,0.7086956193610636,0.02086503054806043,-0.7083884043388839,1.719604866388957e-05,5.062767016980693e-07,-1.718859428668255e-05
12705.74105208542,32.04964590065602,-88.51323677569165,1062.664265365346,-40942.97599811339,6.334973459566584e-07,2.44077715565741e-05,-0.5128608389136849,3.059431436430297e-10,0.7087055854519909,0.02064807730196304,-0.708404731600927,1.730366136068152e-05,5.041407104961305e-07,-1.729631575304877e-05
12735.03081016662,32.05492583219127,-88.34490052180233,1183.56864675265,-40961.05740533911,7.048369830772218e-07,2.439306600799619e-05,-0.5119072625349472,3.051047523099451e-10,0.7085028605549599,0.02272799970170461,-0.7081382219906791,1.728968192654482e-05,5.546341554094482e-07,-1.728078360708055e-05
12764.38808811344,32.0161464519711,-88.26114412205712,1237.989041216163,-40779.55488154244,7.43758207108935e-07,2.449951301313702e-05,-0.5084668134251286,3.05757874437702e-10,0.7086334176985993,0.02377274837345892,-0.7082345495060022,1.736908273868383e-05,5.826860872092563e-07,-1.735930621041686e-05
12793.81304157525,32.00920920154432,-88.30441944033838,1206.268538532006,-40749.4168042724,7.25806422242325e-07,2.451874311101872e-05,-0.5069224547393707,3.052802678276757e-10,0.7087019888026317,0.02324529597307068,-0.708320665481341,1.738400402226701e-05,5.701921612741311e-07,-1.737465040642306e-05
12823.30582656022,32.01969900862933,-88.3521533825397,1173.726765088411,-40799.33544864948,7.045333407412994e-07,2.448993493089234e-05,-0.5063761247951754,3.042054864297649e-10,0.7087015334783798,0.02266040642995681,-0.7083391627850576,1.736314501745347e-05,5.551785969287425e-07,-1.7354266957225e-05
12852.86659943615,32.01017679231831,-88.2745726137766,1227.613215888534,-40752.68138291014,7.385081051908738e-07,2.451601621749979e-05,-0.5046337823675648,3.038532896539236e-10,0.7086440718379269,0.02362284637324949,-0.7082502253301884,1.73809196737571e-05,5.793977704689788e-07,-1.737125979683604e-05
12882.49551693134,32.00174584557685,-88.30364283050487,1205.807164481153,-40715.17168847245,7.267492152329933e-07,2.453934587907852e-05,-0.5030097487353247,3.034337337874121e-10,0.7085868019296175,0.02326688606593065,-0.7082047076104748,1.739578946443445e-05,5.712015103777161e-07,-1.738640905780923e-05
12912.19273613534,31.98149442237121,-88.22937142479576,1255.680978399382,-40619.65176202709,7.603124472943322e-07,2.459512198615746e-05,-0.5006754853113328,3.034477599124441e-10,0.7086924582933535,0.02419378554670627,-0.7082793666222366,1.743861225865058e-05,5.953302314433734e-07,-1.742844741860525e-05
12941.95841449986,31.96683551054875,-88.3624978045227,1159.451262253791,-40557.8544156449,7.042839178039953e-07,2.463600285366894e-05,-0.4987640050071039,3.032111444773119e-10,0.7087444000567343,0.02255498578667171,-0.7083854157363372,1.746767023733371e-05,5.55888771604816e-07,-1.745882273218437e-05
12971.79270983956,31.96792761713912,-88.34706037951753,1170.514627356471,-40562.24462348924,7.108392195040955e-07,2.463295514265654e-05,-0.4976707444479981,3.024810359662482e-10,0.7087258440476181,0.02275055857900993,-0.7083605960987326,1.746518677782911e-05,5.606438063738144e-07,-1.745618594386619e-05
13001.69578033291,31.92405793049927,-88.50552675952349,1053.188672414303,-40368.45819765404,6.458420966212369e-07,2.47549659074605e-05,-0.4941539761969941,3.032340518300337e-10,0.7086794021262222,0.02079527459776968,-0.7083742312876599,1.754921040899559e-05,5.149587363964362e-07,-1.75416533849865e-05
13031.66778452299,31.91772419901667,-88.57863381177692,1000.997649264298,-40342.29556642957,6.14673578965368e-07,2.477262880459432e-05,-0.4926979310121003,3.027328327640361e-10,0.708807049511441,0.01990031628529187,-0.708527635910456,1.75643243208401e-05,4.931322417900421e-07,-1.755740041805057e-05
13061.70888131842,31.8831318959371,-88.52746065938683,1032.980276308802,-40183.90328908531,6.392943936279787e-07,2.486915256368504e-05,-0.4896347713224377,3.032270994873846e-10,0.708703317144345,0.02053546087012236,-0.7084057358451086,1.763057852672641e-05,5.108654731743958e-07,-1.76231755269981e-05
13091.81922999407,31.83952093520986,-88.50075238923651,1046.555980758827,-39986.4265384467,6.540935688355116e-07,2.499136684551504e-05,-0.4861079524833632,3.040237680403212e-10,0.7088387453031308,0.02087502377588927,-0.7085312979856803,1.772081980829016e-05,5.218712115801616e-07,-1.771313368990401e-05
13121.99899019203,31.84781497880665,-88.642743664997,948.4000330994725,-40028.66168077368,5.915693892103031e-07,2.496808320853097e-05,-0.4855021995208244,3.030044882324383e-10,0.7086379760257046,0.01911902084305369,-0.7083800139104787,1.769820135805958e-05,4.774966796826427e-07,-1.769175876591454e-05
13152.24832192238,31.79726679929544,-88.716408447213,891.8817743417701,-39804.33811852188,5.62637260136256e-07,2.511028298237244e-05,-0.4816710430797245,3.040112989126144e-10,0.7088323789941658,0.01821862291081549,-0.7085982100526097,1.780335205130161e-05,4.575871068861362e-07,-1.779747055910465e-05
13182.56738556407,31.78254775434973,-88.74912121236548,867.7312202018784,-39739.61179576672,5.492005539482824e-07,2.515181694954709e-05,-0.4797817806549094,3.038061151805681e-10,0.7087662545377059,0.0178177809144155,-0.7085422572117305,1.783091068955668e-05,4.482539315846176e-07,-1.782527543775315e-05
13212.95634186575,31.76342269038783,-88.66369451395032,924.9560342463766,-39651.46290990193,5.879852076007797e-07,2.520603443573311e-05,-0.4776165272672601,3.037812163723659e-10,0.7090003865144926,0.01888582358600709,-0.7087488086375724,1.78758514617054e-05,4.761636010032476e-07,-1.786950849089125e-05
13243.41535194664,31.73393882135847,-88.72797307826495,877.5838607331801,-39522.42611257159,5.615486139263876e-07,2.528962142031737e-05,-0.4749673185984745,3.040720733614021e-10,0.7087898394169428,0.01809073245360991,-0.708558933229966,1.792934600110401e-05,4.576180181152017e-07,-1.792350506393213e-05
13273.9445772974,31.71375166776841,-88.63863319971809,937.0439303513845,-39429.90137805346,6.023700420306791e-07,2.53471481763475e-05,-0.4727655500894702,3.040846101145426e-10,0.7088624454800165,0.01920294613376689,-0.7086022957002701,1.797261466668447e-05,4.868746447607091e-07,-1.796601878651502e-05
13304.54417978091,31.69466390040122,-88.79906543530493,824.921260385339,-39350.67423693457,5.324971981564975e-07,2.540136226692545e-05,-0.4707304687916159,3.039960591367797e-10,0.7088972420658818,0.01722502684299689,-0.7086879413810224,1.801081141175305e-05,4.376328353704736e-07,-1.800549375082892e-05
13335.21432163324,31.65548358483756,-88.70943410505603,882.5500982156346,-39174.94176673255,5.747808453338938e-07,2.551357275934152e-05,-0.4675504627921879,3.046574285213121e-10,0.70901268072894,0.01834209311576334,-0.7087753868854154,1.809393508711775e-05,4.680884435766128e-07,-1.808787937116513e-05
13365.95516546442,31.63493999568782,-88.73663592607139,861.9699093103181,-39085.51356160771,5.639612834658125e-07,2.557248942803768e-05,-0.465410261339825,3.046521931693576e-10,0.7088893190541944,0.01800792873832982,-0.7086605542653511,1.813237030662184e-05,4.606169447923236e-07,-1.812651883199396e-05
13396.76687425935,31.61770449340302,-88.76251949923304,842.689236236577,-39010.73902055672,5.534730598942085e-07,2.562201125395691e-05,-0.4634515183449993,3.045341171393032e-10,0.7088753490245193,0.01769292059961249,-0.7086545145663645,1.816694650228949e-05,4.534314000969698e-07,-1.816128699135759e-05
13427.64961137864,31.59730437001026,-88.79734605023792,817.1149061669784,-38922.55087131198,5.391246420345152e-07,2.568072880226977e-05,-0.4613403349209852,3.045221144873213e-10,0.7089190048098039,0.01726872856595944,-0.7087086470435068,1.820946456165433e-05,4.435687274754768e-07,-1.820406126132712e-05
13458.60354055948,31.57002296890244,-88.8700977100001,765.3681917150541,-38805.72921189283,5.08053917011386e-07,2.57593703814717e-05,-0.4588978050914158,3.047363649898811e-10,0.7088741218924884,0.01637329922997402,-0.7086850046114792,1.826359803639025e-05,4.218454961614987e-07,-1.825872557470006e-05
13489.62882591653,31.56037407035191,-88.78705276126745,820.6920260987496,-38761.09618603905,5.460010301608304e-07,2.578750344187436e-05,-0.4573157747540456,3.043855847146601e-10,0.7087314430076299,0.01740247208284267,-0.7085177572037862,1.828040587020632e-05,4.488643137791107e-07,-1.827489424339548e-05
13520.72563194277,31.52428581767425,-88.79679222999064,810.8137528807638,-38604.61837664859,5.438148246239456e-07,2.589221470107302e-05,-0.4544220486439237,3.049164592533875e-10,0.7088931702723722,0.01729151064813912,-0.70868224933204,1.835875633437515e-05,4.478116646552934e-07,-1.835329395116741e-05
13551.89412351036,31.49542743421541,-88.80443429606507,803.0606372787764,-38479.94868706911,5.421135460510938e-07,2.59762469560186e-05,-0.4519127723146025,3.052007857612634e-10,0.7088689965852986,0.0172019463072192,-0.7086602481888564,1.841765902297875e-05,4.469367162961098e-07,-1.841223537374909e-05
13583.13446587154,31.47128429818314,-88.86210802687471,762.276993717254,-38377.55545967377,5.173529046353966e-07,2.604662078681707e-05,-0.4496736501090455,3.053112614969567e-10,0.7088830945234765,0.01649448946400354,-0.7086911693527034,1.84675436151305e-05,4.297079531718299e-07,-1.846254365605477e-05
13614.4468246595,31.44566878829662,-88.77731558269427,816.6873953152572,-38264.6879874693,5.575216175794468e-07,2.612185625163421e-05,-0.4473199915874747,3.05507555490942e-10,0.7089145244952025,0.01754961770800877,-0.7086972653810383,1.852227238346221e-05,4.58530313855306e-07,-1.851659591281407e-05
13645.83136588925,31.42466169058682,-88.78090633491958,812.3722140102818,-38174.65086094014,5.571963781512989e-07,2.618353610582377e-05,-0.4452410573175783,3.055238076516483e-10,0.7089333646890984,0.01751125312812368,-0.7087170603162372,1.856647594442336e-05,4.5860764375591e-07,-1.85608110820605e-05
13677.28825595849,31.37252500393005,-88.75526611020412,824.6050798411981,-37951.0497361086,5.72260055591477e-07,2.633729813539693e-05,-0.4416151102464843,3.066170765583558e-10,0.7088952603762603,0.01783304560730776,-0.708670919869225,1.867468243615237e-05,4.697823249786349e-07,-1.866877255360607e-05
13708.81766164854,31.36284301685995,-88.78138294339415,806.4385262128441,-37910.64327412158,5.608574400530619e-07,2.636588611079927e-05,-0.4401303177114688,3.0623792820675e-10,0.7089037200014074,0.01751583314312235,-0.7086872933961326,1.869499235119007e-05,4.619222009933079e-07,-1.868928481486878e-05
13740.41975012515,31.34086270052119,-88.72568672670523,841.1906221167143,-37815.44630028876,5.879509761064588e-07,2.643114174074953e-05,-0.4380153818708679,3.063027537866305e-10,0.7088792520388121,0.01820972158769077,-0.7086453273752706,1.874101151535774e-05,4.814199329220689e-07,-1.873482712668993e-05
13772.09468893947,31.32382356797175,-88.69391326067593,860.5009595636941,-37742.15876707293,6.037709176708868e-07,2.648180409378056e-05,-0.4361610391455517,3.06191686192307e-10,0.7089015308762814,0.0186089196228155,-0.7086572433759546,1.877775781319813e-05,4.929228822662584e-07,-1.877128699698723e-05
13803.84264602885,31.30627976670422,-88.63929005281045,894.6958961209941,-37666.11765931563,6.302730812771367e-07,2.653408844257576e-05,-0.4342811611436044,3.061041890282049e-10,0.7089444894593239,0.01929133048016802,-0.7086819693649939,1.881638885909319e-05,5.120191796694194e-07,-1.880942120471167e-05
13835.66378971781,31.27562016626241,-88.65290330161777,882.7092384691374,-37537.16758084311,6.261156828995164e-07,2.662553906737536e-05,-0.4317989986573585,3.06449299119601e-10,0.7087313703191642,0.01912286163712397,-0.7084733385507797,1.887545767735056e-05,5.092941848176067e-07,-1.886858558458379e-05
13867.55828871888,31.24421761357713,-88.60698951220076,909.5584621893156,-37403.58951173235,6.49751537956726e-07,2.671960167557841e-05,-0.4292728421423009,3.06836379370743e-10,0.7087708365082895,0.0196973583501144,-0.7084970802753443,1.894355816214918e-05,5.264579668434518e-07,-1.893624138660774e-05
13899.52631213353,31.21430623039098,-88.65178973656809,877.3801742363432,-37279.72107169659,6.309602784992166e-07,2.680938535024907e-05,-0.426867200536769,3.071478483744191e-10,0.7089249335198694,0.01915322049626371,-0.708666152367088,1.901098888482606e-05,5.136251311619112e-07,-1.90040492422962e-05
13931.56802945303,31.19838371601683,-88.6768782518391,859.5290249240993,-37213.98356436023,6.20321170412787e-07,2.685729180862118e-05,-0.4251344445856335,3.069827485181911e-10,0.7089413272518449,0.01884904699459554,-0.708690707511396,1.904520559658461e-05,5.063662696930513e-07,-1.90384728751309e-05
13963.68361055938,31.17772310294588,-88.62840278648281,888.9303326644601,-37126.22501096204,6.445509246033155e-07,2.691970537907041e-05,-0.4231564101300817,3.070006812284759e-10,0.7087063503252408,0.01944789878767271,-0.7084394612273284,1.908351673629224e-05,5.236785331893077e-07,-1.907633014545049e-05
13995.87322572618,31.1623700102496,-88.59175564492701,911.0898718312993,-37061.10526322961,6.62921493149536e-07,2.696616875949808e-05,-0.4214426641311627,3.068327868482116e-10,0.7088572287841386,0.01991098558601999,-0.7085775352440422,1.912082081487481e-05,5.370819005272195e-07,-1.91132763195292e-05
14028.13704561958,31.13445105349689,-88.56144166338034,927.7738598418654,-36944.1785490624,6.793229691783269e-07,2.705080424456126e-05,-0.4191467915826275,3.070959699158089e-10,0.7087363747506037,0.02028815642835692,-0.7084459327311906,1.917781445483112e-05,5.489805708794503e-07,-1.91699553363258e-05
14060.47524129914,31.12540757926429,-88.55687287932604,929.773766156272,-36906.55256076837,6.821734030953413e-07,2.707827374069496e-05,-0.4177568803132725,3.067020310426034e-10,0.7088611903677496,0.02035398406770188,-0.7085689116396194,1.920070790010193e-05,5.513221883180313e-07,-1.919279103490956e-05
14092.88798421875,31.09387555802345,-88.50547614343542,959.4565597456657,-36774.48370591504,7.089843083536455e-07,2.717427029964955e-05,-0.4153045754711714,3.07095567085616e-10,0.7087231780916351,0.02099127055530489,-0.7084122456061734,1.926546832712e-05,5.706129988836698e-07,-1.92570161413644e-05
14125.37544622754,31.10173259347933,-88.53678377044179,940.2040705214125,-36807.96623919121,6.935139662759173e-07,2.715031710396132e-05,-0.4147266594383813,3.061105584959929e-10,0.7088575122037432,0.02061386094667791,-0.7085577191341231,1.925186276141639e-05,5.598518956152335e-07,-1.92437206807672e-05
14157.93779957082,31.06694366972897,-88.54978736787967,928.2263839239323,-36665.03470830952,6.900355234053125e-07,2.725647197041497e-05,-0.4121660650776601,3.065970918828877e-10,0.7087805103696628,0.02045661979776072,-0.7084852423207766,1.932492394311815e-05,5.57750412068796e-07,-1.93168734500472e-05
14190.57521689092,31.0369391852017,-88.53093219979476,937.124444651394,-36541.20579818739,7.013680460917953e-07,2.734837860519867e-05,-0.4098293015210094,3.069285285990283e-10,0.7087702325118329,0.02069527586977518,-0.7084680289551192,1.938996689074358e-05,5.661647392944734e-07,-1.938169944850327e-05
14223.2878712282,31.01433498424689,-88.46403704184023,977.2748709110814,-36446.39431423922,7.351829904723588e-07,2.741784318970289e-05,-0.4078258040970545,3.070192186799702e-10,0.7088377231196293,0.02153029552407967,-0.7085106661808742,1.944166305062829e-05,5.905226786145007e-07,-1.943269268887375e-05
14256.07593602188,31.00768522798915,-88.56186255390858,914.4060662912078,-36422.53069949912,6.88850882006119e-07,2.743823922670115e-05,-0.4066214171947785,3.065137868167801e-10,0.7089996794871531,0.02033104686853943,-0.7087081162552854,1.945970789528475e-05,5.580203273904157e-07,-1.945170544409993e-05
14288.93958511103,30.96845516496386,-88.51513722723539,939.9430749191179,-36261.07063345789,7.143788543105855e-07,2.755926692415273e-05,-0.4038878181788004,3.071705029698917e-10,0.7088557449532883,0.02091060080890493,-0.7085472559590447,1.95419810464001e-05,5.764706960277039e-07,-1.953347651480611e-05
14321.87899273543,30.95819905385927,-88.58941797689818,891.9371224976198,-36221.86198880673,6.794060968952661e-07,2.759090664057415e-05,-0.402523187525546,3.067957648620051e-10,0.7088784623650038,0.0199984928840155,-0.7085963129224849,1.956440181369347e-05,5.519402425428866e-07,-1.955661474530585e-05
14354.89433353656,30.91244543507111,-88.6126819938126,872.7506342323702,-36037.27117304494,6.716325467704378e-07,2.773278330287044e-05,-0.399550822839121,3.076580151621863e-10,0.7088537249834616,0.01971596307799948,-0.7085794833487884,1.966412314706595e-05,5.469353016912376e-07,-1.965651548262658e-05
14387.98578255845,30.8897385616989,-88.65014979364119,847.0405088032278,-35946.85291621112,6.551509229322139e-07,2.780340918740546e-05,-0.3976317058324887,3.077225034724615e-10,0.7088686065857953,0.01925888453310984,-0.7086069409548762,1.971430620838059e-05,5.356077887921243e-07,-1.970702903977102e-05
14421.15351524869,30.87535795892469,-88.63699459878511,853.9105519771697,-35888.51601533608,6.626063333884006e-07,2.784830091701281e-05,-0.3960733597374016,3.075138148589318e-10,0.7089131168556412,0.01942870202826758,-0.7086468322002694,1.974748380801443e-05,5.412059243813921e-07,-1.974006618264505e-05
14454.39770745927,30.85288554834548,-88.59386061420102,878.6932456250438,-35796.8114075771,6.853098905283197e-07,2.791862692598621e-05,-0.3941526722697101,3.07592532620119e-10,0.7089246862287618,0.01996842777895762,-0.7086434030149332,1.979803535339043e-05,5.576553430837311e-07,-1.979017999848479e-05
14487.71853544762,30.81821436588368,-88.71108012297985,802.3775058212692,-35661.71189550093,6.306008776955655e-07,2.802709031381866e-05,-0.3917620095531941,3.080476815635258e-10,0.7090314500504109,0.01852731593632364,-0.7087893450982344,1.98769863302314e-05,5.193947399314939e-07,-1.98701991604598e-05
14521.11617587742,30.7926419461155,-88.59555041516877,871.7315118215359,-35555.94529928502,6.89123902824818e-07,2.810779633521527e-05,-0.3897017544757931,3.082534189773891e-10,0.708749607317198,0.01995446952003179,-0.7084686478726187,1.992724356620335e-05,5.610409801357296e-07,-1.991934409475877e-05
14554.59080581966,30.74931354651838,-88.6744233145166,818.8306774759553,-35386.23717944988,6.535711239113332e-07,2.82444508254824e-05,-0.3869497012777398,3.090194018543635e-10,0.7090809221413465,0.01899400831477356,-0.7088264821470489,2.003282865416387e-05,5.366153596073959e-07,-2.00256402604991e-05
14588.14260275348,30.73134858368937,-88.7005748588371,801.0751389121195,-35315.88976168233,6.419623393908153e-07,2.830130421955944e-05,-0.3852922594956883,3.089228118205581e-10,0.7088943514862772,0.01867153344663302,-0.7086484145243682,2.006766078545403e-05,5.285611301115638e-07,-2.006069870497498e-05
14621.77174456718,30.7031811863433,-88.75360570695416,765.9863850481942,-35206.24585175341,6.176978380554503e-07,2.839061159985042e-05,-0.3832126607431836,3.09172184280305e-10,0.7091862776472301,0.01802903181456697,-0.7089570723358104,2.013886137562713e-05,5.119729243138911e-07,-2.013235260051581e-05
14655.47840955911,30.67363726678518,-88.6663109206369,816.8810748462278,-35087.17669902495,6.631727172752614e-07,2.848500109687303e-05,-0.3810382339443935,3.095078779551205e-10,0.7089313934743484,0.01910829384033248,-0.7086738274834149,2.019924685233887e-05,5.444435777012431e-07,-2.019190814639423e-05
14689.26277643867,30.64101370474231,-88.7087956610621,787.9951127665354,-34960.50122937668,6.443882951202368e-07,2.85891846519885e-05,-0.3787893693719174,3.099149174971375e-10,0.709031131373139,0.01859143457820371,-0.7087873473874924,2.027563245628583e-05,5.316453363799681e-07,-2.026866114815423e-05
14723.12502432719,30.60933635131259,-88.67936774300092,803.0844948670598,-34835.74102512906,6.614246630397208e-07,2.869090166296778e-05,-0.3765695374628377,3.103095048818361e-10,0.7090544020941658,0.01896212358316584,-0.7088008062906896,2.034867624811996e-05,5.44181254119679e-07,-2.034139847241252e-05
14757.06533275895,30.58768228566257,-88.64746267258005,820.4768336504061,-34750.3365221944,6.790570446250369e-07,2.876066678628658e-05,-0.3747823640338969,3.103566939894275e-10,0.7090168175072205,0.01936182894432875,-0.7087524018216782,2.039733944911505e-05,5.570104792742136e-07,-2.038973261051757e-05
14791.08388168207,30.55909312100708,-88.60612752661352,842.825873302443,-34637.916526788,7.020649317908423e-07,2.885301374110749e-05,-0.3727107274721128,3.106478629876419e-10,0.708965599095582,0.019877759651123,-0.708686881049882,2.046170779504848e-05,5.73699076683477e-07,-2.045366361460362e-05
14825.18085145954,30.5059054531838,-88.64101950701846,816.8661070475357,-34433.31492210054,6.885712113262026e-07,2.902530679303559e-05,-0.3696570269058603,3.117750065743662e-10,0.7089740246522442,0.01945247816690343,-0.7087071106774414,2.058383573027325e-05,5.647690905610664e-07,-2.05760863442303e-05
14859.35642287007,30.50110641834602,-88.68542269238203,789.7736811808605,-34416.20205126826,6.66420169995033e-07,2.904078949211941e-05,-0.3686235475500357,3.11212612227088e-10,0.7089559967479662,0.01890883772851731,-0.7087037894499075,2.059391879253553e-05,5.492683190896991e-07,-2.058659261624402e-05
14893.61077710915,30.47019476022706,-88.65580191406585,804.7635021597631,-34296.35314202664,6.838066626510932e-07,2.914157354330021e-05,-0.3664950168409247,3.115818770443528e-10,0.7089676472012719,0.01928163285681449,-0.708705399593147,2.066597543179194e-05,5.620478627999169e-07,-2.065833107362137e-05
14927.94409578996,30.44045071842017,-88.58059189037203,846.9244908448776,-34179.93121009654,7.244956148577644e-07,2.923898239517389e-05,-0.3644108640627879,3.119241119430055e-10,0.708872574658491,0.02021530475539814,-0.7085842706104929,2.073292891352563e-05,5.912522101180796e-07,-2.072449666837141e-05
14962.35656094434,30.38879455786727,-88.51770323858258,879.3119328583925,-33980.79477595407,7.610009406701842e-07,2.940869539340827e-05,-0.3614545233403401,3.130304599047175e-10,0.7089126096242092,0.02100035247655706,-0.7086014911641569,2.085502669695063e-05,6.177953468427268e-07,-2.084587411071896e-05
14996.84835502373,30.37030614475273,-88.47681359202957,901.6751389333112,-33909.18439118579,7.83625278687567e-07,2.946969803342483e-05,-0.3598632315478407,3.129700560862516e-10,0.7089222680279693,0.02151247634861128,-0.708595791313546,2.089896171803986e-05,6.341857774061731e-07,-2.08893372152357e-05
15031.41966090022,30.33329838786867,-88.52924219063451,867.0701858925088,-33770.71989059627,7.597792289102019e-07,2.959194300033345e-05,-0.3575694860240695,3.135305129972587e-10,0.7088767206652582,0.02086887555330808,-0.708569470930177,2.098380313371834e-05,6.177496925300653e-07,-2.097470808550209e-05
15066.07066186742,30.31046690402026,-88.43019850937918,923.036938422014,-33681.25674883615,8.130485061637148e-07,2.966782188822603e-05,-0.3558020283744045,3.136402877873789e-10,0.7088896263286308,0.02210027068792712,-0.7085450446879621,2.103895677765625e-05,6.559083706526836e-07,-2.102873002588115e-05
15100.80154164149,30.29249108995112,-88.47585309589739,894.4183513807793,-33615.07217956468,7.909795356616779e-07,2.972751413561531e-05,-0.3542861539512038,3.135350398719052e-10,0.7089951166711602,0.02154506320195589,-0.7086676835549761,2.108397028442159e-05,6.407032455439489e-07,-2.107423313683138e-05
15135.61248436208,30.24956381003998,-88.40472416172801,931.6275195417685,-33451.60103173379,8.319012437371086e-07,2.98707669316001e-05,-0.3517523763269609,3.143425871278456e-10,0.7089350396061309,0.02242910351587018,-0.7085801476874869,2.118449124304246e-05,6.702294575328471e-07,-2.117388631547827e-05
15170.50367459337,30.21431052900603,-88.22509137347849,1032.321895606319,-33313.69600144992,9.292930104551765e-07,2.998888716623913e-05,-0.3494965958296424,3.14917875761089e-10,0.7088677819026166,0.02465438600648102,-0.7084389130123916,2.126820577509459e-05,7.397071333064003e-07,-2.125533839412355e-05
15205.47529732495,30.17911866254725,-88.26364865470427,1005.954265917366,-33184.11817253983,9.12680472890628e-07,3.010723021145777e-05,-0.3473364913646894,3.154204524405771e-10,0.7089126650067925,0.02418538724813956,-0.7084999884620256,2.135304578811205e-05,7.284842080057874e-07,-2.134061562345135e-05
15240.52753797292,30.15558857478732,-88.17228353694058,1056.03416318602,-33093.63180118287,9.632679231885539e-07,3.018655559372921e-05,-0.3455927016238929,3.155554613825213e-10,0.7088003456555116,0.0253173688543004,-0.7083480506330685,2.140697521946172e-05,7.646275725003469e-07,-2.13933151409972e-05
15275.66058238072,30.11876228232817,-88.14508180792407,1067.323429454558,-32956.58089470249,9.816495673018785e-07,3.031116199853968e-05,-0.3433699464918558,3.161389325017049e-10,0.7088062595352798,0.02566012345598037,-0.7083416348208104,2.14958472924515e-05,7.781902147377304e-07,-2.148175669748824e-05
15310.8746168203,30.07049083335479,-88.10128188454692,1086.607831142065,-32777.50933163192,1.010285007130945e-06,3.047523246177756e-05,-0.3407187873277306,3.171350052454129e-10,0.7088247074060566,0.02620855432892744,-0.708340015465221,2.161330474277882e-05,7.991446484021695e-07,-2.159852563799566e-05
15346.16982799294,30.05691626255727,-87.97452785263604,1157.28102568005,-32723.08372726718,1.079412722925586e-06,3.052129268931495e-05,-0.339370708572803,3.169318663185713e-10,0.7089024925847204,0.0277848572790612,-0.7083577808556999,2.164998648670213e-05,8.485536317319864e-07,-2.16333509103065e-05
15381.54640303035,30.02246792465361,-87.86243239896783,1216.529408829215,-32592.96190268054,1.143589971741806e-06,3.063878613270815e-05,-0.3372437894668034,3.174653294102624e-10,0.7087254221521883,0.02916966239301797,-0.7081248864435389,2.172944508438359e-05,8.94338706200644e-07,-2.171103272425874e-05
15417.00452949559,29.97835406822563,-87.74322216780207,1277.936653098243,-32427.8740700681,1.213384432860177e-06,3.078984978791897e-05,-0.3347638928391555,3.183476540452622e-10,0.7085714284529214,0.03064257472301756,-0.7079085405856874,2.183357885136991e-05,9.442055445063014e-07,-2.181315294377938e-05
15452.54439538414,29.92781791481976,-87.69538295849873,1297.623196438115,-32243.20170320811,1.246147483205284e-06,3.096413871393775e-05,-0.3320919067352739,3.194346117667286e-10,0.7087056700492964,0.03124586849835495,-0.7080165410933601,2.1962059350567e-05,9.682773080863749e-07,-2.194070395343942e-05
15488.16618912481,29.90636823345692,-87.50521046765947,1401.12582817489,-32158.16598430634,1.352293439619612e-06,3.103738152298759e-05,-0.3304542974729799,3.195426695950264e-10,0.708549639494953,0.03359462876918936,-0.7077527764313526,2.201222274214466e-05,1.043670633908106e-06,-2.198746692226524e-05
15523.87009958082,29.88636858855212,-87.32145374501469,1500.744413618199,-32078.47181418152,1.455224147022987e-06,3.110547429661753e-05,-0.3288772273480235,3.195997720480311e-10,0.708451708618952,0.03586571411884024,-0.7075432665186335,2.206066154367612e-05,1.11683177635407e-06,-2.203237332944312e-05
15559.65631605074,29.8528496425748,-87.15733354114624,1586.524147041632,-31951.17726898767,1.550256231556454e-06,3.122077389063103e-05,-0.326818773928773,3.201350805146443e-10,0.7083354363362393,0.03789241431828086,-0.7073211825661538,2.214185766037727e-05,1.184478992866803e-06,-2.211015310141169e-05
15595.52502826954,29.82503120470547,-86.98689281692143,1676.184400671872,-31844.11848035048,1.648396594743567e-06,3.131620628648014e-05,-0.3249745587509797,3.204725975830074e-10,0.708370114204284,0.0400046758278783,-0.7072395949108736,2.221400461960406e-05,1.254519404230503e-06,-2.217855230406619e-05
15631.47642640954,29.80708916197383,-86.73898004671734,1810.072725231717,-31768.44063135281,1.787708168149566e-06,3.137592209107159e-05,-0.3234566091440264,3.204971956812354e-10,0.7083378277483788,0.04306886177939179,-0.707027263522645,2.226062689254597e-05,1.353506512288434e-06,-2.221944035682118e-05
15667.51070108149,29.78278615847915,-86.55238027136919,1908.13623016571,-31672.91668904785,1.895220989994727e-06,3.145853821884864e-05,-0.3217423207409579,3.207244530700822e-10,0.7080593330030267,0.04535981627599081,-0.7066049151542179,2.231472460491382e-05,1.429529646951064e-06,-2.226888814426159e-05
15703.62804333552,29.76621953873507,-86.24735814019317,2072.531977539489,-31598.40279280602,2.066838977353063e-06,3.151160571804929e-05,-0.3202471418964936,3.207413854296055e-10,0.7078674885583284,0.04911396083432177,-0.70616159638502,2.235379644709758e-05,1.550973170751415e-06,-2.229992596000897e-05
15739.8286446622,29.78069110286455,-86.02271402341644,2199.693532959533,-31637.31584563369,2.187099328038899e-06,3.145617841311023e-05,-0.3199040673609705,3.196101047154424e-10,0.7080052051129516,0.05189879168458929,-0.7061004786067718,2.232473044505654e-05,1.636466125411827e-06,-2.226467085013416e-05
15776.11269699348,29.77263994899948,-85.76338470715805,2340.42332806159,-31594.06452753565,2.331882819536602e-06,3.147877368497688e-05,-0.3187319739976172,3.193115521266593e-10,0.7079048791536839,0.05509278863206221,-0.7057578214730141,2.23448606658428e-05,1.73899166671643e-06,-2.227708926585831e-05
15812.48039270384,29.79549719657687,-85.61591528309229,2427.738807554184,-31666.27108362647,2.406926976340454e-06,3.139481144929101e-05,-0.3187256804171328,3.178507249894217e-10,0.7077594499654057,0.05690385312505607,-0.7054682065939298,2.228500474863032e-05,1.791714172335276e-06,-2.221286107126069e-05
15848.93192461113,29.81777629956224,-85.39144053558964,2557.839703474448,-31731.65746731496,2.523916674384274e-06,3.131082032967846e-05,-0.3186492416299492,3.164662304753405e-10,0.7077242367513747,0.05967079463736455,-0.7052042197496137,2.223112673387024e-05,1.874386843077717e-06,-2.215196762863058e-05
15885.46748597779,29.80811029941059,-85.27634099191701,2618.579290648076,-31690.15070035972,2.589774244553157e-06,3.134155088711791e-05,-0.3175005164778057,3.161519225829882e-10,0.7076278083976971,0.06108547777869952,-0.7049862974712885,2.225356151398473e-05,1.921023200653318e-06,-2.217049097154265e-05
15922.0872705117,29.83434104718077,-85.19159203205167,2673.164888466224,-31777.94548134595,2.628523027145487e-06,3.124725370046964e-05,-0.3176478698259532,3.145533508892188e-10,0.7076001645869573,0.0621322436059814,-0.7048670635147992,2.218847599179851e-05,1.948303384542918e-06,-2.210277314638137e-05
15958.79147236733,29.84999162307359,-85.27445240126417,2631.929878772339,-31838.93245962485,2.578693587589301e-06,3.119492340260229e-05,-0.3175255151677601,3.13228761984984e-10,0.7075479465694857,0.06111479607588321,-0.7049035951073728,2.214700998834118e-05,1.912958698686714e-06,-2.206423894995707e-05
15995.58028614669,29.86243443682612,-85.34329108248937,2597.386216443831,-31887.63685498817,2.53758101621184e-06,3.115341931931163e-05,-0.3172798321912736,3.120310382164824e-10,0.7076975203104667,0.06028709104796315,-0.7051249867268626,2.212003776179195e-05,1.884354109287404e-06,-2.203962976490107e-05
16032.45390690042,29.85478637274243,-85.29777559166378,2620.40669865562,-31857.47874156194,2.564587219046581e-06,3.117885588278114e-05,-0.3162507277804987,3.116080938198249e-10,0.7076624987418922,0.06085073601831045,-0.7050414172597582,2.213844175999591e-05,1.903648247277828e-06,-2.205644411303342e-05
16069.41253012877,29.86174376231014,-85.40376397505607,2563.613013880388,-31888.91855719652,2.504811955985186e-06,3.115748907226858e-05,-0.3158347580359259,3.105849020703668e-10,0.707765658244295,0.05956163911588988,-0.7052550163847179,2.2123166171945e-05,1.861763175827092e-06,-2.204468914157389e-05
16106.4563517827,29.8715635111142,-85.60052563114698,2457.04720135291,-31936.00832633392,2.394909574991269e-06,3.112836093894498e-05,-0.3155736728642609,3.094136712412022e-10,0.7077001903249889,0.05714062438566719,-0.7053896146321135,2.209446915531394e-05,1.783935881696943e-06,-2.202233275620712e-05
16143.58556826486,29.86493299590261,-85.58403186751248,2464.387956215954,-31911.31070510773,2.40567749576506e-06,3.115107011865186e-05,-0.314604386849674,3.089409581564061e-10,0.7077390789688744,0.05735340992097612,-0.7054113624475772,2.21122926216505e-05,1.791925047956652e-06,-2.203956645689757e-05
16180.80037643066,29.85690767580248,-85.69486810318193,2400.638406200497,-31889.26613186211,2.347380201052784e-06,3.118180220340286e-05,-0.3136639856117174,3.084434887499998e-10,0.7079060646231154,0.05600851916640182,-0.7056869292476468,2.213606353430836e-05,1.751373806057254e-06,-2.206667166988245e-05
16218.1009735893,29.8437840525159,-85.85698429216605,2307.2106600821,-31851.90821940787,2.262265599938202e-06,3.123142481258784e-05,-0.3125759697934723,3.080950182200281e-10,0.7079034189482708,0.05401799228153643,-0.7058394343393708,2.216657426904584e-05,1.691464973502155e-06,-2.210194473498974e-05
16255.48755750484,29.83052060426043,-85.93679945486686,2259.578607093329,-31809.21376461483,2.221956930498659e-06,3.127959468023056e-05,-0.3114390502650845,3.077989946312487e-10,0.7080222490141107,0.05305020936232425,-0.7060319967151722,2.220226996888148e-05,1.663556578635896e-06,-2.213985933290394e-05
16292.96032639722,29.79694840304054,-85.95953603788811,2238.557514315516,-31691.21588548383,2.217833404660674e-06,3.139782506174756e-05,-0.3095701186110026,3.082344879317622e-10,0.7080105828773104,0.05277580501374227,-0.7060408627490482,2.228519543835728e-05,1.661160380355062e-06,-2.222319693285641e-05
16330.51947894334,29.76546957387483,-86.01516622529125,2200.09070447544,-31582.89899810989,2.19499850936274e-06,3.150979915563706e-05,-0.3078024859651616,3.085802596939839e-10,0.7079378303385641,0.05209156928664687,-0.7060187249880331,2.236084914142644e-05,1.645358776492866e-06,-2.230023248359194e-05
16368.16521427809,29.75135660940921,-86.14780637842769,2123.768583775503,-31540.35953529748,2.125246325749359e-06,3.156230567081898e-05,-0.3066809297940964,3.082857793598596e-10,0.7080819437001453,0.05047393968772248,-0.7062806951960219,2.23991167460428e-05,1.596667840151544e-06,-2.234213693474912e-05
16405.8977319954,29.72645273196264,-86.022664519635,2186.401026160966,-31445.74236185682,2.20045076758595e-06,3.164781167293673e-05,-0.305057694363368,3.08502210176288e-10,0.7079762790303848,0.05201535896280578,-0.7060628967037426,2.24598028206842e-05,1.650132554655249e-06,-2.239910277881864e-05
16443.71723214931,29.69815913976756,-86.12208395451044,2125.212945952206,-31351.82443595625,2.152215882804196e-06,3.175018043931641e-05,-0.3034470712118605,3.087147024518988e-10,0.7079167686890607,0.05079255885263229,-0.7060922513074074,2.252787293770424e-05,1.616359948828327e-06,-2.246981173960233e-05
16481.62391525508,29.69485849754263,-86.14754865271124,2110.528356018292,-31341.62401400758,2.138864621043808e-06,3.176242128112723e-05,-0.3026506618525615,3.081049213157747e-10,0.707979720814048,0.05048994603727452,-0.7061770673372865,2.253788467113538e-05,1.607301095477031e-06,-2.248049885206904e-05
16519.61798229015,29.64588501747924,-86.14430351085382,2100.761731578001,-31170.25245053546,2.152424575617118e-06,3.193680482380355e-05,-0.3003035397212765,3.090863400145552e-10,0.7079840984120193,0.05053699160385906,-0.7061780909118544,2.2661848923004e-05,1.617637558977035e-06,-2.260404046485593e-05
16557.69963469528,29.63235323090837,-86.02761355313891,2160.826039487385,-31116.75539428325,2.220966171143748e-06,3.198279723751049e-05,-0.2990986394996721,3.089056314543813e-10,0.707939737671316,0.05197859894360756,-0.7060289635885991,2.269622389614104e-05,1.666410086418344e-06,-2.263496535379825e-05
16595.86907437561,29.61479335071872,-86.03472762479312,2152.738910690472,-31056.09343842777,2.221344641303096e-06,3.204582144015459e-05,-0.2978289815193375,3.087971667179381e-10,0.708080704154641,0.05190803534772658,-0.7061755018849574,2.274527967497714e-05,1.667412731959986e-06,-2.268407993007929e-05
16634.1265037017,29.59426110273298,-86.00032671519985,2166.363013062352,-30982.97333322674,2.245778769040771e-06,3.211876462715177e-05,-0.2964443823707885,3.088140410167939e-10,0.7078246271337367,0.05231987471576665,-0.7058883293317292,2.278975996669474e-05,1.684537865103948e-06,-2.272741717663037e-05
16672.47212551063,29.57524001506701,-86.06365775678282,2127.660040803597,-30920.60463413114,2.214903475847821e-06,3.218848564434512e-05,-0.2951672093895564,3.08725252102932e-10,0.7079685118499744,0.05155687446560311,-0.7060887355470312,2.284212062824713e-05,1.663447351184257e-06,-2.278147092935904e-05
16710.90614310708,29.57111662433021,-85.97229463644283,2175.847453877232,-30901.33080188845,2.267389785056683e-06,3.220141268635675e-05,-0.2943047793531536,3.082073195097965e-10,0.7078666932315369,0.05268196363832722,-0.7059035813011298,2.285054308446513e-05,1.700618903816775e-06,-2.278717215011503e-05
16749.42876026437,29.55132148811596,-86.00726820762851,2152.257642994099,-30834.92888514498,2.252670303946842e-06,3.227351932050695e-05,-0.2929969387135343,3.081606492884805e-10,0.7080468557430322,0.05227119573165361,-0.7061147725578167,2.290655852501656e-05,1.691064926689355e-06,-2.284405224284278e-05
16788.04018122561,29.53674616484393,-86.04005786781046,2131.173883238545,-30786.50587572115,2.237803317800096e-06,3.232685307097934e-05,-0.2918640018581961,3.079354797132701e-10,0.7079685029651924,0.05186819171046288,-0.7060659260150304,2.294096026021082e-05,1.680733139701877e-06,-2.287930929406917e-05
16826.74061070467,29.52199737011016,-86.10300299064053,2093.968824474486,-30739.18517897438,2.205844374222358e-06,3.238150344107289e-05,-0.2907451526731545,3.077002013349299e-10,0.7078574411560804,0.05109132179233083,-0.706011213676912,2.297440404986218e-05,1.658233144206956e-06,-2.291448241365659e-05
16865.53025388741,29.49368735657571,-86.09295635290894,2092.71335548027,-30641.51472364445,2.218545075149401e-06,3.24839431101438e-05,-0.2891547706285156,3.079710554206231e-10,0.7081040872630462,0.05123984149824877,-0.7062477448048001,2.305538946191386e-05,1.668334532956893e-06,-2.299494820882778e-05
16904.40931643264,29.47469003091442,-86.1568184106398,2054.266063373016,-30579.92432652286,2.186897502296213e-06,3.255428365509476e-05,-0.287909859779075,3.078815932218877e-10,0.7081305206178811,0.05046140209432944,-0.7063302918105847,2.310443058799008e-05,1.646422415240341e-06,-2.304569387165085e-05
16943.37800447329,29.43733350550297,-86.21386263837407,2015.452506790753,-30455.5224504537,2.163429118930901e-06,3.269159847704909e-05,-0.286079136117732,3.084281987949468e-10,0.7079295088202427,0.0497509327782158,-0.7061791799155279,2.319375881931661e-05,1.629980275602513e-06,-2.313641312887055e-05
16982.43652461744,29.43181981319265,-86.24876445680633,1995.709036908846,-30438.57837146209,2.144793855476578e-06,3.271242182761936e-05,-0.285262376896614,3.078901298031968e-10,0.7081536101238012,0.04934329396323231,-0.7064324276760167,2.321494676054838e-05,1.6175896387032e-06,-2.315852233748638e-05
17021.58508394951,29.40719115969102,-86.35857593579844,1932.163821954739,-30360.57778161892,2.087701914705478e-06,3.280458708833809e-05,-0.2838769718119252,3.079711958761847e-10,0.7080713019653779,0.04799064165026161,-0.7064431095148013,2.327476466349586e-05,1.577483633865191e-06,-2.322124491766113e-05
17060.82389003124,29.37596457647681,-86.38436730186224,1911.843222284327,-30256.14436756749,2.080149317320696e-06,3.291969619546136e-05,-0.282249847137456,3.083234436084172e-10,0.7080341876887115,0.04767709628581186,-0.7064271409181325,2.335454234254406e-05,1.572631355007514e-06,-2.330153382614395e-05
17100.15315090288,29.35398538014666,-86.44362694790804,1876.000522793496,-30184.92033329732,2.051061058788793e-06,3.300165106888039e-05,-0.2809377925147808,3.083401630185868e-10,0.7079995871805876,0.04695111191004629,-0.7064410863888743,2.341002183103195e-05,1.552439541924558e-06,-2.335848996827623e-05
17139.57307508425,29.32434653804041,-86.41866563462044,1882.879104964848,-30083.89640471941,2.072317851742217e-06,3.311067365136406e-05,-0.2793535637848468,3.086640477639914e-10,0.7080999969539117,0.04727256850939502,-0.7065202827609794,2.349132629818797e-05,1.568274730383769e-06,-2.343891903689199e-05
17179.08387157588,29.29839807345305,-86.49897187447881,1835.469023480884,-30000.81854837505,2.031693968194608e-06,3.320812354002079e-05,-0.2779413969028436,3.088069225462855e-10,0.708112265557062,0.04629006913723094,-0.7065976295825124,2.355882863051534e-05,1.540066256641972e-06,-2.350843683376549e-05
17218.68574986007,29.26471455118492,-86.42725194901824,1865.910709533898,-29884.61730896874,2.081161092077645e-06,3.333208951386104e-05,-0.2762280836196016,3.092946677709751e-10,0.7081525619281822,0.04718422545913215,-0.7065788702142668,2.364994812477011e-05,1.575796720098717e-06,-2.35973920381309e-05
17258.37891990204,29.2240116734727,-86.42559387663657,1858.307890749144,-29749.0077235608,2.091613183786934e-06,3.348391139537961e-05,-0.2743421994184926,3.099899736574917e-10,0.7081682450991039,0.04721276026272827,-0.7065926822683056,2.375823759750406e-05,1.58393430335036e-06,-2.370537926003559e-05
17298.16359215101,29.20070292997787,-86.34964098357571,1892.725420709128,-29667.87911470173,2.141660321559639e-06,3.356985584363276e-05,-0.2729647911469678,3.101227531998177e-10,0.7083001410394733,0.04816542414126015,-0.7066605845197751,2.382564793046054e-05,1.620178186505564e-06,-2.377049688059192e-05
17338.03997754138,29.17609263845646,-86.43137405632069,1845.412295004217,-29590.54160062666,2.099431548184357e-06,3.366365160370587e-05,-0.2716270680311308,3.102181599020257e-10,0.7081616621574575,0.04715517086531006,-0.7065899303063101,2.38853962938931e-05,1.590484212309334e-06,-2.38323837684508e-05
17378.00828749375,29.14159977007646,-86.34763400999827,1881.306605221662,-29472.64467404492,2.15702609620557e-06,3.379208020088707e-05,-0.2699225945956643,3.107427633067234e-10,0.7080992196878202,0.04819066955396111,-0.7064574752173274,2.397661619288162e-05,1.631761702099762e-06,-2.392102585192185e-05
17418.06873391614,29.12025088748823,-86.32449836049946,1888.674594217817,-29401.32109956059,2.175880422002936e-06,3.387230344359563e-05,-0.2686500815854247,3.10780160392497e-10,0.7079999988222412,0.04847624023729187,-0.7063384829278028,2.403078992968417e-05,1.645370547543945e-06,-2.397439509989532e-05
17458.22152920504,29.08510993417954,-86.33485958908375,1875.99590509811,-29286.7349668678,2.178269568623773e-06,3.400561982534902e-05,-0.2669875983187567,3.112785355484202e-10,0.7081563186750175,0.04836630429607976,-0.7065027050819352,2.413041724339193e-05,1.648081182653207e-06,-2.407407038196015e-05
17498.46688624657,29.0345568732868,-86.24207491523995,1912.493337699731,-29117.29784915354,2.246095411590504e-06,3.419631734537624e-05,-0.2648324514540273,3.12369816625649e-10,0.7079097084631599,0.04950024346619453,-0.7061769475373602,2.42598332696987e-05,1.696357090378661e-06,-2.42004521217167e-05
17538.80501841761,29.00849028115932,-86.23898002854017,1908.502372815723,-29032.5573473577,2.254495869185487e-06,3.429588642058693e-05,-0.2634543805908499,3.125610369839951e-10,0.708058504830186,0.0495559542704422,-0.7063222024393006,2.433566972539332e-05,1.703217075743488e-06,-2.427599375054131e-05
17579.23613958693,28.97832366744257,-86.10005355937668,1972.078224107775,-28927.88556471745,2.345724851771792e-06,3.440880754568881e-05,-0.2619007984342174,3.129705267727324e-10,0.7080304996364643,0.05127358423030783,-0.7061715145597695,2.441879345950313e-05,1.768340578394827e-06,-2.435468015837357e-05
17619.76046411629,28.95032836987694,-86.11658303226534,1957.626826378752,-28838.50651822239,2.343083340585278e-06,3.451680538890079e-05,-0.2604911044682091,3.132184716945506e-10,0.7079206483120319,0.05106911656385209,-0.7060761925174331,2.449115372309946e-05,1.766782177141545e-06,-2.442734311027344e-05
17660.37820686164,28.91660097325533,-85.96602110158373,2025.580440284457,-28722.35657620491,2.443176046588229e-06,3.464378515557499e-05,-0.2588452508097995,3.137617959173253e-10,0.7078619079109845,0.0529271732696037,-0.7058804395937519,2.458368069675468e-05,1.838133558679032e-06,-2.451486531923941e-05
17701.08958317421,28.87922076041378,-85.85444512914611,2072.70665881852,-28596.90484655337,2.521298388452047e-06,3.478607539449437e-05,-0.2571219552373674,3.144134393537215e-10,0.7078593200821297,0.05430869665702451,-0.7057728972513397,2.468799764453612e-05,1.89412350322785e-06,-2.461522951042994e-05
17741.89480890166,28.85029944694031,-85.70208495406324,2141.623515452664,-28496.54983297479,2.622482082789317e-06,3.489487803018153e-05,-0.2556303492852932,3.147950175134045e-10,0.7077909317057761,0.05618708461881348,-0.7055572368893744,2.476768334726362e-05,1.966151101556027e-06,-2.468951980570237e-05
17782.79410038923,28.82954197703545,-85.63368549802878,2170.517735078723,-28426.87387413016,2.670426009020216e-06,3.497408112441024e-05,-0.2544188201346066,3.148408157899481e-10,0.7078220062461343,0.05703908416951323,-0.7055200460677258,2.482723397996724e-05,2.000676266325514e-06,-2.474649150027943e-05
17823.78767448089,28.79821051354561,-85.54625214742447,2206.051818717574,-28322.83750082589,2.733476731593726e-06,3.509428773355994e-05,-0.2529046952853262,3.152705257538802e-10,0.7076126154036448,0.058105707243103,-0.7052229011200397,2.490812600692438e-05,2.045334193069861e-06,-2.48240075172298e-05
17864.87574852051,28.76139349908147,-85.38028089971742,2278.476665592613,-28197.40158810853,2.847081871410648e-06,3.523420366541667e-05,-0.2512055447945888,3.159446764370677e-10,0.7076963646835345,0.0601627044153397,-0.7051344507139916,2.501613899303444e-05,2.126672752549751e-06,-2.492557869182541e-05
17906.05854035295,28.73888617640747,-85.31636331652139,2304.048175949795,-28123.03108079947,2.893756677141543e-06,3.532096673194558e-05,-0.2499667585219465,3.160516084005738e-10,0.7075591254793766,0.06094476464114221,-0.7049295366999286,2.507515203376111e-05,2.159818429312268e-06,-2.498196217010659e-05
17947.33626832527,28.71545609730351,-85.20031763878247,2354.671933659024,-28042.90463106015,2.973262158220078e-06,3.54099889476067e-05,-0.2486812986596089,3.162256810753341e-10,0.7076721879971393,0.0623896604547737,-0.7049166304840569,2.514659091091898e-05,2.216968951355308e-06,-2.504867427848907e-05
17988.70915128787,28.66171699317077,-85.0345187838123,2421.005459461399,-27865.56612216373,3.09452576553335e-06,3.561772733688616e-05,-0.24654034667512,3.175062370616696e-10,0.707402135370614,0.06441197002215551,-0.7044635400393476,2.529071478874139e-05,2.30282703622012e-06,-2.518565548415836e-05
18030.17740859569,28.64416837030848,-85.00197527306828,2432.01765102178,-27809.13101957476,3.120922307868819e-06,3.568647510636853e-05,-0.245475158926914,3.174188496612289e-10,0.7075981796991122,0.06483738662372608,-0.7046213857166859,2.53478059870913e-05,2.322625388249426e-06,-2.52411703307331e-05
18071.74126010928,28.605990842749,-84.82748416428895,2505.731729659001,-27680.45927075889,3.243722284734527e-06,3.583293515641677e-05,-0.2437773901577273,3.181609245738145e-10,0.7073925097770409,0.06697084753323303,-0.7042152145966043,2.545133295137335e-05,2.409549599473714e-06,-2.53370167882752e-05
18113.40092619602,28.55228857256945,-84.5871896607357,2605.751913689371,-27500.34788620292,3.414875718774911e-06,3.603960521379559e-05,-0.2416341536671943,3.195081523864324e-10,0.7072059255300414,0.06991259696906701,-0.7037417494293224,2.56013176517248e-05,2.530881795879503e-06,-2.54759122081978e-05
18155.15662773135,28.52615335013009,-84.37875853438561,2697.546817479601,-27407.08352092881,3.556774720548699e-06,3.61368415182079e-05,-0.2402608199714174,3.198580670177382e-10,0.7072328494835449,0.07248234157166879,-0.7035087871156284,2.568038890685241e-05,2.631912137281285e-06,-2.554516417854503e-05
18197.00858609984,28.46971216930343,-84.000413386932,2859.720992197746,-27210.31626354234,3.820197718118313e-06,3.634927616465674e-05,-0.2379872667502403,3.214300990050107e-10,0.7070444959026549,0.07711309993720279,-0.7028267844955216,2.584183217396253e-05,2.818413548990492e-06,-2.568767866456819e-05
18238.95702319638,28.44707727355248,-83.68074032370062,3003.290359361304,-27119.88065751895,4.033927977644527e-06,3.642659624759421e-05,-0.2366507611820665,3.217602254690696e-10,0.7069512656085796,0.08102990587839616,-0.7022921374320737,2.590898094244686e-05,2.969656310558206e-06,-2.573822905472007e-05
18281.00216142743,28.42585142608211,-83.2420069378324,3202.382153934296,-27024.4903929214,4.324163985881269e-06,3.649106273912326e-05,-0.2352760090827011,3.221533252947198e-10,0.7066564364408824,0.08637653804722477,-0.7013575499260725,2.5966788671959e-05,3.173991198586288e-06,-2.57720758536342e-05
18323.14422371211,28.41561477499714,-82.68758301651469,3458.56143436754,-26951.95032463618,4.684053844748488e-06,3.65019933684273e-05,-0.2341048057997569,3.222774614738693e-10,0.7064115846216777,0.09313422070788381,-0.7002452026403644,2.599659144763603e-05,3.427424377296261e-06,-2.576966295924761e-05
18365.38343348346,28.44573536610417,-82.03512347948369,3776.371647307942,-26990.32367671686,5.084388876710326e-06,3.633892908250625e-05,-0.2338989242646555,3.210791014013621e-10,0.7061308694611085,0.1010693344004995,-0.6988603540405915,2.590971264365868e-05,3.708487370621909e-06,-2.564293919773831e-05
18407.72001468956,28.48053217010071,-81.58535423560883,4002.521854442753,-27057.16496533906,5.350175700887279e-06,3.616734443855017e-05,-0.2339388879692923,3.195492791062562e-10,0.705902268651185,0.1065251084072974,-0.6978183246130065,2.580816374834573e-05,3.894614825843988e-06,-2.551261043914838e-05
18450.15419179474,28.54425098727083,-81.14935120793429,4237.213194008787,-27211.60225546817,5.58685653691962e-06,3.587908159919313e-05,-0.2347330522762988,3.170049306828035e-10,0.7057782978207833,0.111819937316047,-0.6968639087321409,2.562755899268525e-05,4.060300591522345e-06,-2.530386806458739e-05
18492.68618978078,28.61135995517858,-80.86213236692326,4405.715252863836,-27389.87067607239,5.724567857906868e-06,3.558903930583091e-05,-0.2357274256432051,3.142173415600864e-10,0.7057853538703078,0.1153204252442365,-0.6963003412747434,2.544081981400363e-05,4.156853274759235e-06,-2.509892196212265e-05
18535.31623414811,28.6944971139072,-80.66169709050666,4542.988865099889,-27626.56089185873,5.795622082193103e-06,3.524400149644398e-05,-0.2372176266660087,3.108088001252879e-10,0.7056868067913373,0.1177465564956652,-0.695794235182189,2.520498760890664e-05,4.205549074891815e-06,-2.485165502222767e-05
18578.04455091699,28.77154791379872,-80.75246547159135,4538.410089935638,-27874.44321335457,5.690213055310552e-06,3.494869734973469e-05,-0.2387956068886024,3.073363508958746e-10,0.7057582841422467,0.1166634088051131,-0.6960491395593987,2.498985037086456e-05,4.130877660668275e-06,-2.464606401255161e-05
18620.87136662867,28.83722959161196,-81.01028142251076,4446.171341401911,-28104.66059502954,5.491538483153591e-06,3.471252305920157e-05,-0.240214089316745,3.041177626068252e-10,0.7059868781569534,0.1135744647032359,-0.6967914416072964,2.481108752786898e-05,3.99144243592638e-06,-2.448792460777886e-05
18663.7969083467,28.89179834980313,-81.15172158757281,4403.95246614975,-28290.10897241069,5.372475071165085e-06,3.451170428905624e-05,-0.24124301746736,3.014293321334531e-10,0.7060481234078901,0.1118712401719861,-0.6971289537741099,2.466013375299555e-05,3.907325371022772e-06,-2.434861402956218e-05
18706.82140365801,28.92996036003798,-81.47424083035095,4263.618113721805,-28441.06095953263,5.155072489393911e-06,3.438763205592957e-05,-0.2419724516962783,2.991398960813542e-10,0.7062498879172169,0.1079837203464427,-0.6979458577305425,2.455736925665841e-05,3.754756127573589e-06,-2.426862565598473e-05
18749.9450806742,28.95129431578879,-81.79024151598645,4117.280081533734,-28537.51399504947,4.952572546415238e-06,3.432705707554733e-05,-0.2422346516922678,2.974431653541344e-10,0.7062272654178897,0.1041369772769148,-0.6985072944381167,2.449344569859169e-05,3.61168921542317e-06,-2.422570088152365e-05
18793.16816803268,28.95490537196956,-82.09675925325641,3966.877070575433,-28575.86999267168,4.766068272649677e-06,3.433293871031859e-05,-0.2420023554209038,2.963607398271772e-10,0.7064415012553346,0.1004367146209921,-0.6992653724102404,2.448652341217317e-05,3.481315805538692e-06,-2.423778597720946e-05
18836.490894898,28.92950596722745,-82.40791397470655,3801.525876677209,-28521.16136696983,4.591723661358923e-06,3.444966462062345e-05,-0.2409835164948024,2.962462938406362e-10,0.7065388410012469,0.09665869818866853,-0.6998958707606847,2.455500804861386e-05,3.359270537240154e-06,-2.432413866358112e-05
18879.91349096294,28.92021839294365,-82.59621302703836,3704.33979669726,-28507.08431458713,4.482632414296058e-06,3.449650604395741e-05,-0.2403106022692148,2.95710898877506e-10,0.7066970507459525,0.09438678005179384,-0.7003655169156185,2.458326452700019e-05,3.283352009769686e-06,-2.436301488700459e-05
18923.43618644976,28.9018063952654,-82.82171588801835,3585.21126538485,-28466.6339506561,4.355197097616236e-06,3.458033359367263e-05,-0.2394176967541791,2.954500139329704e-10,0.7067977696377323,0.09165029769867328,-0.7008304431862371,2.463410562851443e-05,3.194298583527084e-06,-2.442612569926069e-05
18967.05921211146,28.88716418304952,-83.02742362409062,3477.718129094771,-28436.25454164184,4.237424347542391e-06,3.464814366051872e-05,-0.238612133948088,2.9508541101367e-10,0.7068444377053611,0.0891471019867472,-0.7012002947249613,2.467304264690001e-05,3.111760002394479e-06,-2.447602874535092e-05
19010.78279923299,28.83296356302726,-83.20124131200983,3371.309615083903,-28277.86256432899,4.156961957655409e-06,3.48677553665738e-05,-0.2367373113835058,2.960557853597228e-10,0.7069410561037948,0.08703906632212839,-0.7015624403707206,2.482372563275374e-05,3.056314077470048e-06,-2.463485941811103e-05
19054.60717963247,28.80518760049203,-83.31958673371977,3302.865502871055,-28199.14417654464,4.09733634542805e-06,3.498216268391383e-05,-0.2355353298206738,2.961994199090954e-10,0.7069009749140872,0.08559266057699488,-0.701699996287472,2.489768534451409e-05,3.014650151111775e-06,-2.471450221996861e-05
19098.53258566239,28.76980106815103,-83.34305520526728,3278.376460644919,-28089.63699874821,4.099121102057132e-06,3.512190413545209e-05,-0.2340810508847121,2.966702549107711e-10,0.706925287159763,0.08531590881295453,-0.7017581900692952,2.499680412003851e-05,3.016761600775111e-06,-2.481409610805244e-05
19142.55925021086,28.74039150113212,-83.35943152542062,3259.654627751209,-27998.72476160283,4.102496353904065e-06,3.523829342855339e-05,-0.2327868174695321,2.969490090691485e-10,0.7069974937212306,0.08513178034686691,-0.7018532867366757,2.508136488029598e-05,3.020125622440889e-06,-2.489886956235605e-05
19186.68740670289,28.69991753019933,-83.22801437667319,3308.607738716225,-27862.68392733448,4.20260184133197e-06,3.539125095043785e-05,-0.2311229542048616,2.977125778767771e-10,0.7067241773830184,0.08671560694544293,-0.7013839650361188,2.518728708862755e-05,3.090499741054901e-06,-2.499696466044395e-05
19230.91728910159,28.68091984133796,-83.2671548511392,3282.679379122463,-27806.5428544192,4.187198878945398e-06,3.546844258012676e-05,-0.230126763016419,2.976275535926695e-10,0.7069683620967731,0.08627403845922271,-0.701684441393516,2.524890087605279e-05,3.081219418041654e-06,-2.50601891921554e-05
19275.24913190936,28.64576342175015,-83.20373360914439,3300.344499987652,-27692.86910004255,4.243248270264433e-06,3.560468275595307e-05,-0.2286588866118582,2.981619216612158e-10,0.7068056150553393,0.08703845441627919,-0.701426036675701,2.534337728375221e-05,3.120869927290724e-06,-2.515048594050501e-05
19319.68317016924,28.62163299757854,-83.15684557425919,3313.967405185933,-27614.8426983795,4.284036392458871e-06,3.569829652118966e-05,-0.227490206720286,2.983166943330191e-10,0.7068040231125065,0.08762006468957929,-0.7013520167161555,2.541243980430745e-05,3.150292792290785e-06,-2.521641830495343e-05
19364.21963946607,28.59921330204394,-82.99319622857206,3384.000718965301,-27533.44399796012,4.3974217420783e-06,3.577900104818701e-05,-0.2262979760717101,2.98510487352432e-10,0.7067228743499149,0.08962046916629442,-0.7010173982404565,2.547580122608974e-05,3.230620291397246e-06,-2.527013139348602e-05
19408.85877592778,28.57677502279352,-82.79040948938604,3472.277989978769,-27448.9595169292,4.535948394815187e-06,3.585745848100237e-05,-0.2250847224086609,2.987405972789221e-10,0.7065104024317503,0.09208117211756985,-0.7004841229362221,2.553525579964634e-05,3.328070296290573e-06,-2.531744925651714e-05
19453.60081622662,28.57237886596864,-82.62168901927876,3550.974544576536,-27422.25954719703,4.644287470730869e-06,3.586532509186568e-05,-0.2243486025499664,2.983437158908869e-10,0.706580688658303,0.09416073722870875,-0.7002785339772938,2.555302680809682e-05,3.405261255079281e-06,-2.532511352077164e-05
19498.44599758046,28.56382798862587,-82.34837921613362,3677.601020284968,-27374.18481688117,4.820739359690209e-06,3.588312311702252e-05,-0.2234402078636611,2.981802925975719e-10,0.7063440305167438,0.09747531187123197,-0.6995859153972761,2.557323060567107e-05,3.529099873639596e-06,-2.532855261740609e-05
19543.39455775394,28.57645475575055,-82.11990711409584,3791.532703240051,-27394.01284462246,4.957498338057215e-06,3.581817269672529e-05,-0.2230877825477216,2.972791678184548e-10,0.7063256468669452,0.1002694724871078,-0.6991723337698409,2.554016113895333e-05,3.625662604774411e-06,-2.528150315309677e-05
19588.4467350599,28.59160079004148,-81.94038947472916,3883.47604490501,-27425.3025666283,5.061693488951016e-06,3.574593323837782e-05,-0.2228289219817199,2.962570568613519e-10,0.7062393664242064,0.1024549934083393,-0.6987682140831547,2.549671770276246e-05,3.698839470528389e-06,-2.522699348288697e-05
19633.60276836047,28.60716755928475,-81.78290233673016,3965.34758403333,-27459.55862981486,5.151465635328178e-06,3.567328453433795e-05,-0.2225941179832528,2.952069510324827e-10,0.7061943988019361,0.1043765592702906,-0.6984383027684862,2.545328056255498e-05,3.762031887774827e-06,-2.517372851747442e-05
19678.86289706845,28.63448099214154,-81.66543165386391,4033.637555009302,-27533.27774239763,5.209051645290129e-06,3.555655751621831e-05,-0.2226783770558936,2.937394084315531e-10,0.7061701272208277,0.1058126095900272,-0.6981976369415959,2.537668778367894e-05,3.80244569068658e-06,-2.509019110408884e-05
19724.22736114854,28.6717716502842,-81.63551982800618,4064.840852659755,-27645.63054136108,5.205969480134959e-06,3.540662822340013e-05,-0.2230728066041558,2.918728050093072e-10,0.7061819135117922,0.1061868200434069,-0.698152744190156,2.527204000102598e-05,3.800093874358216e-06,-2.498470116610408e-05
19769.69640111861,28.71013952523665,-81.61150758465041,4093.884942654161,-27762.31692022974,5.198543556995034e-06,3.525346114376779e-05,-0.2234991311899114,2.899775819392117e-10,0.7061758013218596,0.1064864493600481,-0.698100922843725,2.516404820312765e-05,3.794565233841599e-06,-2.487630592864328e-05
19815.27025805098,28.74235892888996,-81.83139670665966,4002.231072120705,-27881.77844256732,5.044332559048385e-06,3.514163981728587e-05,-0.2239446045165426,2.880710793246291e-10,0.7062825103238987,0.1038301873156454,-0.6986088151400797,2.507401334932193e-05,3.686116341209073e-06,-2.480158647669632e-05
19860.94917357372,28.7439180350104,-81.87056556805717,3983.956920976261,-27890.02077363105,5.019315329811732e-06,3.513813316624669e-05,-0.2234955958180078,2.873235964533159e-10,0.7063693560674777,0.1033732985647769,-0.6987643582317437,2.507213825355331e-05,3.669170542407199e-06,-2.480220361451825e-05
19906.73338987186,28.73919392015196,-81.93152411552209,3952.339139145882,-27880.5403307313,4.984376694665341e-06,3.516072648796166e-05,-0.2229057737803659,2.867602467515513e-10,0.7064325175361993,0.1026470168985988,-0.6989352557671928,2.508670275963009e-05,3.645182148577868e-06,-2.482046136665718e-05
19952.6231496888,28.75710459230176,-82.01655322904772,3918.997737615116,-27943.69364078652,4.922074374127502e-06,3.5095947381558e-05,-0.2228968561081705,2.854541231081426e-10,0.7065244353435651,0.1016309344276426,-0.6991766092375429,2.503850050618188e-05,3.601695958148778e-06,-2.477810109397258e-05
19998.61869632744,28.75929949492141,-81.98459191269926,3935.472085179687,-27947.80306425888,4.940537255218481e-06,3.508528564094131e-05,-0.222416911576621,2.847557204237576e-10,0.7065196160263616,0.1020283180334532,-0.6991138606473927,2.503268420268656e-05,3.614963558163131e-06,-2.477029101291678e-05
20044.72027365162,28.76342657215965,-82.04261385342762,3909.107059974988,-27965.64562728925,4.902571790033401e-06,3.507286529607005e-05,-0.2220470367047183,2.83919539242277e-10,0.7065163955051513,0.1013279228903461,-0.6992124635333093,2.502015196314193e-05,3.588366872948955e-06,-2.476149485479093e-05
20090.92812608728,28.78409404549483,-81.99346409743815,3942.072848828348,-28026.10810870664,4.921422832230963e-06,3.498878220521898e-05,-0.2220153102502387,2.826554337380103e-10,0.7065005784605619,0.1019335163321046,-0.6991084505377411,2.496261124833953e-05,3.601591872605432e-06,-2.470142700976828e-05
20137.24249862388,28.82558745140136,-81.91575030831987,3998.399083355761,-28149.68686260312,4.946113715170025e-06,3.482182477693272e-05,-0.2224813954034885,2.807673245037005e-10,0.7063255266314622,0.1028643005155504,-0.6987951668770034,2.484210138353981e-05,3.61782957829799e-06,-2.45772518864999e-05
20183.66363681561,28.88619591457031,-81.98033361084677,3993.793623106338,-28346.71612003904,4.873530725912007e-06,3.459081891223629e-05,-0.2235233440324371,2.781745391194065e-10,0.7064589550842341,0.1021039896649725,-0.6990415084336573,2.467802516123559e-05,3.566696703157075e-06,-2.441891890494469e-05
20230.19178678272,28.93003252087808,-82.11194391035299,3948.285437780173,-28497.39426949762,4.770244110932454e-06,3.443001508711082e-05,-0.2241946695825416,2.760673081654787e-10,0.7066503453346881,0.1005333977248208,-0.6994624696890727,2.456207223271143e-05,3.4943852968011e-06,-2.431223280084398e-05
20276.82719521282,28.95690981278797,-82.31582907087001,3858.900840288309,-28600.55269344202,4.633186283001319e-06,3.433923127592252e-05,-0.224488737438971,2.744389227165496e-10,0.706612700925067,0.09804672274444153,-0.6997773569269677,2.448408523208171e-05,3.397312719200276e-06,-2.424724099644744e-05
20323.57010936222,29.00478406745538,-82.81724217297354,3628.912590615767,-28795.48762289381,4.308086196294273e-06,3.418474257675673e-05,-0.2254989733232879,2.719541524210316e-10,0.7068169421057544,0.09195387132104153,-0.7008100136248074,2.435315511471142e-05,3.168241673732381e-06,-2.414618828589764e-05
20370.42077705718,29.04839718848281,-83.21283140276337,3447.586058728634,-28967.50128991446,4.051208031552492e-06,3.403928774528837e-05,-0.226324289997154,2.697174820516302e-10,0.7070749248929616,0.08715314070711304,-0.7016831759970261,2.423787103739827e-05,2.98752863465355e-06,-2.405304689810991e-05
20417.37944669529,29.04273654657219,-83.63920054676365,3230.6977533134,-28981.30382175634,3.799241388821634e-06,3.408148251216187e-05,-0.2259113503044158,2.68968989813643e-10,0.7073271461984701,0.08196667681435679,-0.7025618518260742,2.425576065777967e-05,2.810812656361353e-06,-2.409234852185089e-05
20464.44636724674,29.05878486495382,-84.10306000055419,3002.165636736974,-29066.53855519991,3.51592421952841e-06,3.4040675715401e-05,-0.2260546513994755,2.675634675082975e-10,0.7074050417119427,0.07629291084777058,-0.703278952332465,2.42083308468444e-05,2.610843743213957e-06,-2.406713064199383e-05
20511.62178825566,29.03483184408142,-84.68400179573004,2700.992923359445,-29027.69457216417,3.178003587068568e-06,3.415415000789026e-05,-0.2252333396848671,2.673053104688815e-10,0.7076142932408194,0.06918712022927354,-0.70422377863367,2.427204149084525e-05,2.373203408803265e-06,-2.415574266533235e-05
20558.90595984141,29.00885572017302,-85.05572029600636,2505.88758964005,-28966.85175147055,2.964291660651818e-06,3.426578168837798e-05,-0.2242443080902261,2.67250689876515e-10,0.7078383291669368,0.06464572169399237,-0.7048801535754172,2.434489823259991e-05,2.223379903240668e-06,-2.4243156802725e-05
20606.29913270001,28.99494822959799,-85.47706946709081,2289.817947890809,-28946.77929730518,2.715759588414484e-06,3.433132904857601e-05,-0.2235735287587573,2.668209227464692e-10,0.7081185056694,0.0594923126257117,-0.7056149678187876,2.43862664602374e-05,2.048803097801945e-06,-2.430004933608441e-05
20653.80155810529,28.94629479978806,-85.81022067825279,2110.397190834335,-28808.4976629189,2.529289782865461e-06,3.452669436586839e-05,-0.221993747407994,2.674850542751557e-10,0.7080600791306078,0.05539232018845207,-0.7058900527154228,2.451215333551399e-05,1.917612764917325e-06,-2.443702973823897e-05
20701.41348791042,28.89339687132809,-86.14452563852412,1931.230987890055,-28656.4797817728,2.341103168031161e-06,3.473834876429008e-05,-0.2203144443033133,2.682855561260532e-10,0.7083835701022498,0.05130459899086767,-0.706523262542144,2.466356086350518e-05,1.786255572819605e-06,-2.459879113892379e-05
20749.1351745491,28.85166254800044,-86.40770376197273,1791.509935863454,-28536.46165362781,2.191344515362428e-06,3.490531505335381e-05,-0.2188871435999927,2.687942718172983e-10,0.7083413400248419,0.04806438083510368,-0.7067087584593295,2.477321748231471e-05,1.680982447726493e-06,-2.471612029499166e-05
20796.96687103696,28.80522198039757,-86.7303895535796,1622.662654686766,-28404.23392734075,2.004689176224416e-06,3.509149615825612e-05,-0.217371805336217,2.694244785288784e-10,0.7086387116064414,0.04411050623374185,-0.7072645098031148,2.490739768303145e-05,1.550406296987374e-06,-2.485909691953717e-05
20844.90883097289,28.77044521324202,-87.00210123273976,1482.433681118748,-28306.38204331551,1.845087757403231e-06,3.523109305307026e-05,-0.216124745844286,2.697340465489878e-10,0.7086044651391274,0.04076253382365715,-0.7074310594336272,2.499877993565696e-05,1.438057001909105e-06,-2.495738348326333e-05
20892.96130854039,28.70978950408624,-87.25832352614918,1346.914377848151,-28126.43985011255,1.698695973081319e-06,3.547238851725032e-05,-0.2142569388616271,2.708353617152627e-10,0.7086948193954803,0.03761189208662266,-0.707696045355389,2.516756024259547e-05,1.33569420012909e-06,-2.513209122951001e-05
20941.12455850892,28.67878869509425,-87.44873376040732,1249.260479351764,-28037.07395573809,1.586084233232e-06,3.559638816896744e-05,-0.2130849705526264,2.710737379146138e-10,0.7089044659187247,0.03527880502708295,-0.708026092538526,2.525912678017935e-05,1.257026654046332e-06,-2.522782927023629e-05
20989.39883623524,28.63472631813994,-87.4874223430698,1224.334580148026,-27901.31921306238,1.569694716306763e-06,3.57717196400981e-05,-0.2115655101030155,2.717661699549043e-10,0.7089106537922237,0.03480959285922582,-0.7080555114573243,2.538300367946558e-05,1.246379947740771e-06,-2.535238475602705e-05
21037.78439766475,28.58551567088211,-87.68856733963894,1120.361096588786,-27756.4368840491,1.451856157372308e-06,3.596907632683849e-05,-0.2099828598492996,2.725564205179938e-10,0.7089655071462649,0.03233475853318434,-0.708227755537554,2.552124361398934e-05,1.163982226789305e-06,-2.549468613221803e-05
21086.2814993329,28.54094638206213,-87.77787097526807,1071.826603506599,-27622.31459380734,1.402655396325035e-06,3.61481871202249e-05,-0.2084875850387807,2.732499332000337e-10,0.7090532281558768,0.0312433352775341,-0.7083645490557848,2.564991790142847e-05,1.130224012828805e-06,-2.562500501523552e-05
21134.89039836646,28.48207517852981,-87.91395989885051,999.7300074619491,-27446.73905254324,1.325334214580074e-06,3.638592627357057e-05,-0.2066859164930067,2.743654229732451e-10,0.7089617926570119,0.02956557426927987,-0.7083450432279255,2.581297478629324e-05,1.076469043973456e-06,-2.579051922151194e-05
21183.61135248502,28.44802965905632,-87.95791988220238,974.9980087380411,-27344.47801560234,1.302304857177681e-06,3.652401975958808e-05,-0.205442252977335,2.747580934813423e-10,0.7091133926344327,0.02903696321191032,-0.7085186365798329,2.591576366070679e-05,1.061205561537669e-06,-2.58940272818612e-05
21232.44462000219,28.39899592045714,-88.14165351327006,882.5826985570387,-27201.88647413032,1.191517464080465e-06,3.672349666818877e-05,-0.2039009059608682,2.755631292394642e-10,0.7091571538408969,0.02677511108314487,-0.7086515097494726,2.605606436964996e-05,9.837791441690413e-07,-2.603748584312318e-05
21281.39045982712,28.36070376745912,-88.14134897023544,878.9756927894574,-27086.27377253609,1.196799056219265e-06,3.688023133448888e-05,-0.2025673260860088,2.761028362273609e-10,0.7091938274989523,0.02678897160411048,-0.7086876857706842,2.616862681105929e-05,9.884894275409735e-07,-2.614995062764232e-05
21330.44913146576,28.32636891379281,-88.20989745973542,843.3801355050954,-26985.26882342611,1.157033332078407e-06,3.702109427215887e-05,-0.201347796168826,2.764988840551247e-10,0.709076186117828,0.02594550580735701,-0.70860134663138,2.626321707005579e-05,9.609862301845505e-07,-2.624562966160777e-05
21379.62089502233,28.28916068761601,-88.31071731796096,792.6604253751094,-26877.05078711592,1.096342813422544e-06,3.717412971954907e-05,-0.2000791084886517,2.769736917315688e-10,0.7093808314728922,0.02471794793571234,-0.7089500596734719,2.638170082756556e-05,9.19254480216701e-07,-2.636568052897127e-05
21428.90601120058,28.23683215248142,-88.32849074366234,779.7831670090593,-26721.72381269151,1.091126844395996e-06,3.739089456418681e-05,-0.1984653080518126,2.779429487327633e-10,0.7091992885898297,0.02450052801227743,-0.7087759554777802,2.652850020471652e-05,9.164733705271309e-07,-2.651266489194851e-05
21478.30474130534,28.20252821316104,-88.43769117840549,726.1309558673449,-26623.37110489774,1.023684002304285e-06,3.753306324055534e-05,-0.1972800537169812,2.783281197826695e-10,0.7092099854276457,0.02315876370081876,-0.7088317678364388,2.662833482503337e-05,8.695299370148886e-07,-2.661413408778726e-05
21527.81734724373,28.17037286782272,-88.48097041609741,703.522167242029,-26529.70471116554,9.988669808317742e-07,3.76671088433293e-05,-0.1961338474516061,2.786683945346665e-10,0.7092292897637451,0.02263275816179127,-0.7088680721521997,2.672361794413087e-05,8.527978058253876e-07,-2.67100073366941e-05
21577.44409152667,28.11919320353099,-88.44140861835642,717.7290723966945,-26378.11508588726,1.030745891412483e-06,3.788216862553992e-05,-0.1945646290430878,2.796252419726756e-10,0.709260940295138,0.02313207896815641,-0.7088836211614389,2.687789216807724e-05,8.766047709758781e-07,-2.686359342073004e-05
21627.1852372702,28.08941558617227,-88.56324640018239,659.50339061262,-26294.5854463293,9.532597565514885e-07,3.800673427608385e-05,-0.1935024463157436,2.798683603427748e-10,0.7090394274418383,0.02162670480427916,-0.7087095281611208,2.695635058310523e-05,8.222067971097364e-07,-2.69438084305479e-05
21677.04104819695,28.06223145978264,-88.50577754001739,683.783274849961,-26213.64255496758,9.944165002289118e-07,3.812213554577266e-05,-0.1924631124603684,2.80086875269209e-10,0.7092151330134099,0.02235195272468862,-0.7088628182551416,2.704559159148269e-05,8.523813953256786e-07,-2.703215623087033e-05
21727.01178863744,28.02255924620957,-88.5798423720306,647.072048530518,-26100.55667918875,9.492623503498965e-07,3.828982542978577e-05,-0.1911920816978387,2.806534346235571e-10,0.7091173019812875,0.02144154070927456,-0.7087930645126496,2.715991635336103e-05,8.212328912635246e-07,-2.714749772741265e-05
21777.09772353159,27.9950302368749,-88.57508021082865,647.2578256787616,-26020.75989639791,9.553636719951604e-07,3.84070887001758e-05,-0.1901691682286983,2.808666383762309e-10,0.7091723373039711,0.02151103474487387,-0.708846019514381,2.724526280739765e-05,8.264194245240883e-07,-2.723272620173997e-05
21827.29911843002,27.95235660685292,-88.71393803326339,581.4872457176264,-25901.68315074194,8.662941752222355e-07,3.858808152231755e-05,-0.1888635366874081,2.815089099952043e-10,0.709210533839652,0.01980306790747074,-0.7089340024364583,2.737355836234069e-05,7.64343462559324e-07,-2.736288501762405e-05
21877.61623949553,27.91853857646205,-88.68307428730104,593.1965920559893,-25803.79092495729,8.904348770716612e-07,3.873352562699574e-05,-0.1877170177618693,2.819269657613429e-10,0.7091817513613557,0.02019308571295962,-0.7088942063194965,2.747595253509954e-05,7.823442488775639e-07,-2.746481212728919e-05
21928.04935350448,27.88581581557134,-88.69179800564704,587.1351653772856,-25710.4951098115,8.877502155242251e-07,3.887434941884798e-05,-0.1866081346361315,2.82299228762554e-10,0.7091496488566545,0.02009321759628701,-0.7088649286571771,2.757450068563754e-05,7.813025688989327e-07,-2.75634296552163e-05
21978.59872784825,27.85814334637289,-88.70428929744619,579.7518181332073,-25632.00991230859,8.819717451171878e-07,3.899376906831125e-05,-0.1856106082757424,2.825123705414125e-10,0.7091485537747227,0.01994764030700051,-0.7088679446603319,2.765902618914595e-05,7.780207725534765e-07,-2.764808155025113e-05
22029.26463053456,27.81837237553235,-88.7205877414756,569.9464342605555,-25519.60651620067,8.747209424614444e-07,3.916602143858899e-05,-0.1843716343206379,2.831040992702661e-10,0.7092432153421881,0.01975764825995124,-0.708967963905395,2.778473690229825e-05,7.740096018345965e-07,-2.777395387528037e-05
22080.04733018899,27.7879726667911,-88.76343371392282,549.0241577212668,-25434.85392986129,8.482632520923428e-07,3.929781888029679e-05,-0.1833366871556925,2.833941517996797e-10,0.7091956659961817,0.01923522410457563,-0.7089347634454206,2.787590646557786e-05,7.560668144106593e-07,-2.786565133367229e-05
22130.94709605638,27.76250208037222,-88.80997651024185,526.8887971615089,-25364.3424028161,8.18623840215313e-07,3.940842070317279e-05,-0.1824079400742362,2.83528372116365e-10,0.7093043622269977,0.01867125358958638,-0.7090585748467056,2.795816335406625e-05,7.359519913903932e-07,-2.794847532154521e-05
22181.96419800219,27.7354016993063,-88.74529768681886,553.8293988484957,-25286.48766209534,8.657464182153386e-07,3.952785129901352e-05,-0.1814298079706196,2.837472246638876e-10,0.7093554533425991,0.01948215344285648,-0.7090878682392706,2.804558641825866e-05,7.702604038930483e-07,-2.803500698152595e-05
22233.09890651403,27.7068778798067,-88.7126447098094,566.4327434834756,-25205.74100774025,8.911075942255146e-07,3.965347605427415e-05,-0.1804345085920792,2.840015184931074e-10,0.7092259760875864,0.01989173278172128,-0.7089469684851825,2.812993731272153e-05,7.889632008093916e-07,-2.811887107060686e-05
22284.35149270303,27.67802917703696,-88.84798667394716,505.3196181513065,-25128.8584207245,7.999172401867753e-07,3.977879812085855e-05,-0.1794704249403126,2.842152468759022e-10,0.7093279797978448,0.0182287752966087,-0.7090937136058092,2.822147719392262e-05,7.252540164184648e-07,-2.821215662828284e-05
22335.72222830532,27.64116085726019,-88.79015109673576,528.4991691640688,-25024.83668319312,8.435447910796594e-07,3.994248593638455e-05,-0.1783164393560676,2.847402616438626e-10,0.7091756468236292,0.0189496151325962,-0.7089224288552587,2.833210899367682e-05,7.570516045349552e-07,-2.832199274234872e-05
22387.2113856834,27.60319737507864,-88.88037451935429,487.0689461600183,-24922.1218900348,7.838889834963155e-07,4.010967430580633e-05,-0.1771761039284386,2.852562153517766e-10,0.7092240344317758,0.0178436372392448,-0.7089995314707613,2.845172772091887e-05,7.158278394902283e-07,-2.844272140301476e-05
22438.81923782766,27.58234373983809,-88.85727388843327,495.9613620569477,-24863.98504093421,8.019247340932865e-07,4.020281844084693e-05,-0.1763562548583874,2.852655949377423e-10,0.7094161542804154,0.01814359177360737,-0.7091841016489067,2.852574947473467e-05,7.2955704544219e-07,-2.851641859723571e-05
22490.54605835781,27.55321812608511,-88.87466964928075,486.8443688436525,-24784.31396723453,7.922619591881236e-07,4.033253827594481e-05,-0.1753868522708024,2.855244012986469e-10,0.7093551181579135,0.01793594021738377,-0.7091283280939678,2.861515539854321e-05,7.235300111349336e-07,-2.860600676091935e-05
22542.39212152429,27.52094012171051,-88.85248458522024,494.6608259595417,-24695.25695453501,8.10785932274228e-07,4.04773652609231e-05,-0.1743547088547843,2.85895014617431e-10,0.7092446451262305,0.01821690820757549,-0.709010656404817,2.871365332608885e-05,7.375085459438459e-07,-2.870418033101578e-05
22594.35770220978,27.48949149773943,-88.87732613743833,482.2789765385731,-24610.00859827946,7.95990796982327e-07,4.06182755435113e-05,-0.173353213646217,2.862255286714245e-10,0.7093266047277448,0.01792082421308995,-0.7091001877267512,2.881669162418873e-05,7.280410202548667e-07,-2.880749333830376e-05
22646.44307593059,27.47009803439024,-88.85101203175218,492.5129791587524,-24556.50800064595,8.164127894998337e-07,4.070602815671211e-05,-0.1725785201797248,2.8618938579431e-10,0.7091371427465584,0.01825088590210163,-0.7089022445912703,2.887149498535885e-05,7.430584706930317e-07,-2.886193144608886e-05
22698.64851883821,27.44188841213291,-88.89188630353206,473.526321423791,-24480.95079592573,7.898145081117143e-07,4.083280957403545e-05,-0.1716518200423887,2.864124225187874e-10,0.7093416806571129,0.01775956995245602,-0.709119325355445,2.896936114351364e-05,7.252970038777217e-07,-2.896028020098362e-05
22750.97430772071,27.40637915081667,-88.87063784338341,480.7037706512854,-24384.32173886267,8.081415247718318e-07,4.099402616266686e-05,-0.1705810611093762,2.868860636793319e-10,0.709242287582905,0.01802933888993207,-0.7090130925695407,2.907987152389022e-05,7.39226732188634e-07,-2.907047422530941e-05
22803.42072000419,27.38702305374937,-88.86307053505838,482.8854310162114,-24331.91029030717,8.153060674217443e-07,4.108211351479563e-05,-0.1698229333712977,2.868427814162629e-10,0.7092392873309892,0.01813224059762742,-0.7090074671995205,2.914230857610363e-05,7.450452338317944e-07,-2.913278319598709e-05
22855.9880337543,27.33997900586955,-88.93538552694351,449.8492585633282,-24207.35230078298,7.674012049542501e-07,4.12955028173237e-05,-0.1685650067783892,2.876556051347077e-10,0.7091909940696345,0.01724554693379978,-0.7089812812623691,2.929097275129702e-05,7.122747603158992e-07,-2.928231120289247e-05
22908.67652767772,27.32659329151985,-88.97200043852321,433.7475230264243,-24172.41853795195,7.42090691271212e-07,4.135614805904728e-05,-0.1679346204113176,2.874087767834143e-10,0.709353196349786,0.01680569014427869,-0.7091540918237957,2.934035296436056e-05,6.951189945715976e-07,-2.93321175788017e-05
22961.48648112362,27.29305717323373,-88.93392743589902,448.1310304060644,-24081.90069484367,7.724549010954846e-07,4.151058721055487e-05,-0.1669209673242794,2.878255680504181e-10,0.7091954537111166,0.01728247723060001,-0.7089848429587831,2.944372708884195e-05,7.175180556137503e-07,-2.94349831445862e-05
23014.41817408509,27.26927733646214,-88.89807560615763,461.9701921974012,-24017.69024806315,8.005543644731624e-07,4.162057872434226e-05,-0.1660930159396142,2.879313093250086e-10,0.7091932351391911,0.01773547512277392,-0.7089714364411034,2.95219996957225e-05,7.38284948636408e-07,-2.951276675218466e-05
23067.47188720069,27.24280163952742,-88.90280626709459,458.6428713348355,-23947.5379807873,7.994542891190339e-07,4.17426349544294e-05,-0.1652269942350291,2.881106159423928e-10,0.7092547083526867,0.01768791512140788,-0.7090341169359289,2.961109299310207e-05,7.384631971363085e-07,-2.960188339198393e-05
23120.64790175594,27.22220473133846,-88.88405869215413,465.4101915320765,-23892.53587464332,8.149794099463025e-07,4.183820024468814e-05,-0.1644683662675875,2.881097030721194e-10,0.7093362762115297,0.01793144316282062,-0.7091095938539671,2.968248294006008e-05,7.503489862576247e-07,-2.967299731887192e-05
23173.94649968479,27.19262929785375,-88.91608021997413,450.5906416442786,-23815.28834997635,7.941728581429816e-07,4.197480788189851e-05,-0.1635595759276099,2.883794355387613e-10,0.709162638557355,0.0175403269122567,-0.7089456854071692,2.977178899522344e-05,7.363711557073395e-07,-2.976268095278297e-05
23227.36796357108,27.16373315564604,-88.89236045734587,458.9722097032388,-23738.67442381479,8.141625942608037e-07,4.210961000384346e-05,-0.1626584373625435,2.886447531527482e-10,0.7094415622859634,0.01785034705624407,-0.7092169593352377,2.987938265058634e-05,7.51798849253629e-07,-2.986992310118024e-05
23280.91257665008,27.12875571459708,-88.92226557823732,444.8671896296655,-23647.76115393063,7.95237124119038e-07,4.227234107231106e-05,-0.1616628243550632,2.890880244969774e-10,0.7094313719395547,0.01748945715297382,-0.709215757284434,2.99941186513937e-05,7.394384767064667e-07,-2.998500265821315e-05
23334.58062281002,27.1108959323755,-88.8798819584427,461.4331337823679,-23600.01523813595,8.281675600570096e-07,4.235666146656357e-05,-0.1609653562199342,2.89006658206538e-10,0.7093050159264452,0.0180204290501798,-0.7090760676791047,3.004901888748362e-05,7.634179947002719e-07,-3.003931971709271e-05
23388.37238659355,27.09116678810005,-88.83932761148384,477.0806915124057,-23547.53260043274,8.600482043365395e-07,4.244986957102976e-05,-0.1602380084013305,2.889846166405208e-10,0.7092013514845716,0.01852918122800281,-0.708959255804283,3.011116392910911e-05,7.867091796436054e-07,-3.010088506725917e-05
23442.28815319923,27.04959852403288,-88.90383158069224,448.5255324738229,-23441.18298804804,8.159605244713108e-07,4.264435038884203e-05,-0.1591474398782332,2.896280408444052e-10,0.7092531426039359,0.01774191134649525,-0.7090312016232658,3.025065169793165e-05,7.567176630729687e-07,-3.024118560056746e-05
23496.32820848307,27.02292061312939,-88.94465970640347,430.5627854577708,-23373.16283602288,7.878692871968989e-07,4.276959775698152e-05,-0.1583206690014561,2.898028465274992e-10,0.7092843454208796,0.0172470406326014,-0.7090746238926782,3.034042485718227e-05,7.377612994005998e-07,-3.033145378611831e-05
23550.49283896009,27.02270495973029,-88.96458222410682,422.4315147407805,-23373.08539442363,7.730051378288909e-07,4.277028220276077e-05,-0.1579560182145115,2.891372764663078e-10,0.7093914551813085,0.01701269632121945,-0.7091874257543885,3.034529723582926e-05,7.277439316186253e-07,-3.033656956712178e-05
23604.78233180577,26.97223562227959,-88.90726136139384,443.3155037678911,-23241.63046381672,8.203926444734556e-07,4.301059294345945e-05,-0.1567063962647706,2.901038817300944e-10,0.7092353479275789,0.01772794984674738,-0.7090137506030367,3.050964569815857e-05,7.626149350274861e-07,-3.050011309959421e-05
23659.19697485759,26.95719157518782,-88.93066068015131,433.1103761247785,-23203.59385066213,8.041494946395198e-07,4.308176228836166e-05,-0.1560901100216574,2.899111218853398e-10,0.7091742095796866,0.01744657305655239,-0.7089595733337378,3.055725746332902e-05,7.517467746857568e-07,-3.054800910807326e-05
23713.73705661656,26.93274537124498,-88.92485355047771,434.2852459921513,-23140.83916715673,8.107070224304613e-07,4.319843004311244e-05,-0.1553099341514337,2.900287345693245e-10,0.7093775271880797,0.01753316178016331,-0.7091608169642943,3.064884819832913e-05,7.575250036000874e-07,-3.063948517441413e-05
23768.40286624876,26.89965213009341,-89.01638065645169,395.8954253349434,-23058.62396636391,7.443645948223715e-07,4.335494220819158e-05,-0.1544022122898013,2.903934020323511e-10,0.7092762017288833,0.0164076809814508,-0.7090863969529824,3.075461305731706e-05,7.114462300051973e-07,-3.074638301600871e-05
23823.1946935869,26.87621989218645,-88.98776820597259,406.3481739899402,-22998.30260720138,7.680176265931815e-07,4.346789998001039e-05,-0.1536441098575523,2.904854256004165e-10,0.7093452884749254,0.01677317161758312,-0.7091469516224844,3.083801085571159e-05,7.291952971730014e-07,-3.082938837790277e-05
23878.11282913178,26.85128292965258,-88.91359159104296,434.8976555640752,-22933.19311097921,8.266122879602393e-07,4.358924217035134e-05,-0.1528567634557934,2.90640146363588e-10,0.7092544344473876,0.01769874791812248,-0.7090335726222097,3.092086610644952e-05,7.715998491492875e-07,-3.091123734899287e-05
23933.15756405388,26.81757680461975,-88.9112763927041,434.2038552804219,-22847.905462616,8.314651852056603e-07,4.375188685224004e-05,-0.1519380417706871,2.910541114349257e-10,0.7093177379858846,0.01773878038604923,-0.7090958955542103,3.103903256799464e-05,7.762312326807249e-07,-3.102932496575526e-05
23988.3291901949,26.79880009184631,-88.98172836708812,405.2896196823417,-22802.30446875276,7.792392516062452e-07,4.384136628778011e-05,-0.1512860458648279,2.90965428927999e-10,0.7092624508658117,0.01687535664862432,-0.7090616662506581,3.109938217100425e-05,7.399421258617523e-07,-3.109057826848114e-05
24043.62800006933,26.76110100186633,-88.94401797884547,418.5391115486423,-22706.64546355654,8.114888580979373e-07,4.402501293195087e-05,-0.1503048902000049,2.91519192699473e-10,0.7093256994091188,0.01735342807421753,-0.7091133945824944,3.123280848024592e-05,7.641007452137312e-07,-3.122346034018148e-05
24099.05428686596,26.74062731643309,-88.93641982938753,420.5957865377839,-22655.17549222604,8.191819921745368e-07,4.412481624115904e-05,-0.1496192806274246,2.915094922300901e-10,0.7093131180027203,0.01745702360629863,-0.7090982666017103,3.130313119010013e-05,7.704065895120595e-07,-3.129364945146947e-05
24154.6083444494,26.72472579259927,-88.96999843887156,406.6143237997945,-22616.25206242036,7.946960301249288e-07,4.420170337914514e-05,-0.1490186989835261,2.913395840484186e-10,0.7091891341020173,0.01704835852063973,-0.7089841898097029,3.135185712130852e-05,7.536744075594532e-07,-3.134279693713269e-05
24210.29046736178,26.68660219376873,-88.94203210458798,415.890314862456,-22520.58085029098,8.197313549476993e-07,4.438868998602103e-05,-0.1480470367943946,2.919043345751195e-10,0.7093220735201746,0.01740758893909152,-0.7091084401065099,3.149066426082625e-05,7.728175385138529e-07,-3.148117991181787e-05
24266.10095082416,26.67285735716113,-88.92296946828644,422.7347117767028,-22485.95671231273,8.357794733901933e-07,4.445648898976252e-05,-0.1474794474879743,2.916814171590613e-10,0.7092171760876134,0.01765083792068736,-0.7089974970184214,3.153429162799087e-05,7.848183733223556e-07,-3.152452392344841e-05
24322.04009073816,26.65845170855775,-88.9764567299484,401.1214023889941,-22451.53599643431,7.955090324576213e-07,4.452616981127947e-05,-0.1469150170177889,2.914567202664054e-10,0.7093214097694113,0.01700141685767956,-0.7091176307088243,3.158781682178814e-05,7.571146648256749e-07,-3.157874204193618e-05
24378.10818368753,26.63657573212035,-88.9051260391095,428.0136995150672,-22395.63125529033,8.530460116646756e-07,4.463526270930878e-05,-0.146212142102474,2.915122593451052e-10,0.7093176043074493,0.01789410919653739,-0.7090918590962116,3.166576591427397e-05,7.988391513491994e-07,-3.165568806625228e-05
24434.30552693972,26.60785934545221,-88.94099110255773,412.6963158659193,-22325.65224729048,8.277018096698652e-07,4.47762242034311e-05,-0.145420049241399,2.917534336179878e-10,0.7092578014147263,0.01745877307518767,-0.7090428901768639,3.176271407847698e-05,7.818567751275839e-07,-3.175308970185841e-05
24490.63241844745,26.57828161775965,-88.9554743824194,405.7310207250702,-22253.25959362027,8.190428064802394e-07,4.492230384139776e-05,-0.1446151411575647,2.920293470792384e-10,0.7092893901346268,0.01729033733691547,-0.709078615664248,3.186760654672446e-05,7.768361898214481e-07,-3.185813667732342e-05
24547.08915685031,26.55403785758366,-88.99878035940492,387.8854106215441,-22194.86502512701,7.871650533768424e-07,4.504170982920061e-05,-0.1439039251226495,2.921242587295394e-10,0.7092799890306265,0.01676421705692507,-0.7090818456749221,3.195145494385828e-05,7.551899591802426e-07,-3.194252903504917e-05
24603.67604147628,26.51855709928197,-89.00524977970666,383.8759057654427,-22108.32312642768,7.851422215366306e-07,4.521820117707349e-05,-0.1430131376755318,2.925932670399788e-10,0.7092295097260074,0.01669303858295357,-0.7090330316205733,3.20743046744066e-05,7.549285500798216e-07,-3.206541911827967e-05
24660.39337234339,26.49448431850202,-89.03446479441371,371.623367154687,-22050.3973203791,7.640940849021752e-07,4.533777919091745e-05,-0.1423103710346503,2.926871881030386e-10,0.709172195674,0.01634027788272049,-0.7089839197300583,3.215624191230838e-05,7.409229122578896e-07,-3.214770485059531e-05
24717.24145016131,26.48514887107405,-89.02901447070906,373.3345597689865,-22027.56495653378,7.692021320116462e-07,4.538462749892555e-05,-0.1418360480953785,2.92316709298183e-10,0.7093310849722025,0.01642151822150511,-0.7091409745933052,3.219673044296904e-05,7.453771684950533e-07,-3.218810128127933e-05
24774.22057633286,26.44201848808482,-89.06010984611005,359.6740752398882,-21923.79385303497,7.481020476454297e-07,4.560027036330817e-05,-0.1408431862583633,2.930248294510928e-10,0.7093608310101528,0.01604747097456508,-0.7091792913267667,3.235077256645545e-05,7.318533263609526e-07,-3.234249335402608e-05
24831.33105295571,26.41560245203038,-88.96702575595945,394.1126501826902,-21857.80045113824,8.246435979553794e-07,4.573538859780814e-05,-0.1400962751250029,2.932335612793445e-10,0.709262771922457,0.01720738815940518,-0.7090540074125939,3.24430505283313e-05,7.870992044359356e-07,-3.243350123600957e-05
24888.5731828239,26.3965139420381,-88.96127614613947,395.4709927211904,-21811.70314783689,8.309841333885624e-07,4.583188039485916e-05,-0.1394792842374349,2.93177443329781e-10,0.7093994701269128,0.01729206376367432,-0.7091886862797078,3.251782047758001e-05,7.926425784522103e-07,-3.250815845837698e-05
24945.94726942955,26.3741929005044,-89.08115425887213,349.0078709310075,-21760.95816456129,7.368303328463539e-07,4.594204137768267e-05,-0.1388347382001447,2.931852501573636e-10,0.7093164449405056,0.01581657928046704,-0.7091400812835937,3.259099709227983e-05,7.267251351866666e-07,-3.258289370278337e-05
25003.45361696432,26.34129589654366,-88.96976531091991,389.8616633251068,-21679.54616432072,8.292199391176037e-07,4.611151503625565e-05,-0.1379972138608705,2.93609392953472e-10,0.7092550537308175,0.01720393950820842,-0.7090463706331926,3.270946823052654e-05,7.934123413341462e-07,-3.26998441705835e-05
25061.09253032114,26.31433047460984,-89.03794578369799,363.0028657319849,-21616.84563645623,7.76609968880238e-07,4.6247177093671e-05,-0.1372816381781418,2.937837772250792e-10,0.7093193146898827,0.01637192530422749,-0.7091303478585286,3.280799138031091e-05,7.57247086236507e-07,-3.279925113872177e-05
25118.86431509579,26.29820271365847,-89.01845168420917,369.6941295003069,-21577.9914201244,7.937670359688621e-07,4.632991688254402e-05,-0.1367197160439858,2.936358757415432e-10,0.7091746966344697,0.01662009255516552,-0.7089799171133481,3.286017311285942e-05,7.701051956680029e-07,-3.285114784896707e-05
25176.76927758856,26.26961589017235,-88.98968201516513,379.3233917568599,-21509.4426794617,8.196270161089504e-07,4.647675493957952e-05,-0.1359719385693953,2.938941719431503e-10,0.7092529986443511,0.01698826991861834,-0.7090495150348641,3.296824459528533e-05,7.896666478650753e-07,-3.295878605591854e-05
25234.80772480576,26.24477044110549,-88.9619809779952,388.6484996480511,-21449.97534540587,8.444245454692312e-07,4.660480021863735e-05,-0.1352841536440479,2.940311444413886e-10,0.7092400892633164,0.01734109137578462,-0.7090280606352147,3.305875435851501e-05,8.08294523644432e-07,-3.304887138314531e-05
25292.97996446145,26.22252137609514,-88.90471354446913,409.0646244945893,-21396.06617165232,8.932342000691807e-07,4.672048597474336e-05,-0.1346337876645789,2.940940236983691e-10,0.7091599997914458,0.01805807571429182,-0.7089300467646299,3.313768639775649e-05,8.438192370454152e-07,-3.31269411339358e-05
25351.28630497907,26.19800412148343,-88.92049410574532,402.0893810555506,-21338.74262418007,8.827358771428899e-07,4.684648382912557e-05,-0.1339642622921647,2.942058516270511e-10,0.7092547031950003,0.01787558441193767,-0.7090294052337742,3.323131398634383e-05,8.375399635794498e-07,-3.32207579093009e-05
25409.72705549305,26.18872873068168,-88.90018980957149,409.2260020961712,-21316.44457402039,9.002718120528105e-07,4.689485537301392e-05,-0.1335164882208502,2.93836242931961e-10,0.7092680682728532,0.01813759186226296,-0.7090361206828202,3.326647509635581e-05,8.506991573201919e-07,-3.325559616485917e-05
25468.30252585042,26.15639149276688,-88.89342020709574,410.2784982484881,-21240.49584519516,9.090493264148172e-07,4.706232113849884e-05,-0.1327347947141128,2.942086795162105e-10,0.709105593638617,0.01822761660014271,-0.7088712837480818,3.337769780420466e-05,8.579764199131756e-07,-3.336666880543639e-05
25527.01302661247,26.14852758550095,-88.98867020605233,374.6716529096432,-21224.40678962924,8.314658169307048e-07,4.710089112203148e-05,-0.1323292016673111,2.937545288109821e-10,0.7093408083457958,0.01706525403617008,-0.7091355015011926,3.341510322236317e-05,8.038973909654e-07,-3.340543177906827e-05
25585.85886905645,26.12369902238668,-88.98208943174978,376.077757460681,-21166.30074173147,8.391713364422256e-07,4.723000105326332e-05,-0.1316634085748964,2.938834767909314e-10,0.709138342036265,0.01715228231892341,-0.7089308762899206,3.349719973754045e-05,8.102134558707565e-07,-3.348739978577922e-05
25644.84036517718,26.09167937840676,-88.98839007378393,372.4368845837155,-21091.96802935705,8.369183420422761e-07,4.739663455532521e-05,-0.1308992734447542,2.94240891187894e-10,0.7092402804851025,0.01708727732039329,-0.709034414126961,3.362014566932967e-05,8.099888971491131e-07,-3.361038697803764e-05
25703.95782768863,26.07081673725194,-89.02327555709701,358.7799965056334,-21044.40860682712,8.098947001010846e-07,4.750475267135837e-05,-0.1303037328599346,2.942275977841242e-10,0.7093254822264609,0.01666809295153513,-0.7091296174982118,3.370052649132975e-05,7.919122069462313e-07,-3.369122082752876e-05
25763.21157002575,26.04475209297717,-89.01857905466584,359.4708106222039,-20984.00898858102,8.161298716431197e-07,4.764135517085812e-05,-0.1296309176105599,2.943958394411525e-10,0.7091624033667949,0.01673292143997346,-0.708964966475109,3.37897080085632e-05,7.972793353153722e-07,-3.378030066422499e-05
25822.60190634596,26.0297525298005,-89.05085667837869,347.0851445268353,-20950.14981442069,7.905740863679864e-07,4.771925796878211e-05,-0.1291240872462736,2.941934496190413e-10,0.7093212350658107,0.01634775493367322,-0.7091328263618287,3.385221638671254e-05,7.801933878383159e-07,-3.384322461838384e-05
25882.12915153092,25.99997564402514,-88.99927553802229,364.7327895345347,-20880.39738817311,8.363051988581154e-07,4.787720049035833e-05,-0.1283981869727392,2.944973369159051e-10,0.7092544606847083,0.01699515063956412,-0.7090508126050593,3.396158104577917e-05,8.137871776986438e-07,-3.395182966437067e-05
25941.79362118814,25.97835320418655,-89.0465273542611,346.7004146109617,-20831.88948649188,7.986872656506022e-07,4.799003448257104e-05,-0.127805279547491,2.945041836806747e-10,0.7092063359428817,0.01641989833454095,-0.7090162296310367,3.403882767239904e-05,7.880838924890336e-07,-3.402970339408908e-05
26001.59563165272,25.94177537871494,-89.00621469429316,359.8941160641617,-20747.2840729532,8.358369740443766e-07,4.81845808673479e-05,-0.1269934685055468,2.950250402404895e-10,0.7092447674865491,0.01693031263427766,-0.7090426677719435,3.417907474493915e-05,8.158853579320041e-07,-3.416933539744151e-05
26061.53549998895,25.91842251749683,-89.02213732462866,353.2245273556676,-20694.42888947651,8.245508699128522e-07,4.830811005937276e-05,-0.1263786108161319,2.950982853715098e-10,0.709218548617112,0.01674331882141631,-0.7090208819050445,3.426526451556185e-05,8.08938583745288e-07,-3.425571442386146e-05
26121.61354399207,25.90157668978399,-89.00468969266562,358.8554158757405,-20655.70143458808,8.408306760264435e-07,4.839817551216506e-05,-0.1258519876962638,2.94971586560277e-10,0.7091700387325928,0.01696876192026516,-0.7089669984949091,3.432697708104622e-05,8.213633821469308e-07,-3.43171490324756e-05
26181.83008218985,25.87457259681248,-89.04514716457982,343.2607997912853,-20595.39813362877,8.090273486560305e-07,4.854105204176031e-05,-0.1251959625290813,2.951548607869159e-10,0.7091221942492841,0.01647775160564502,-0.7089307230462946,3.442557407308626e-05,7.999411992154294e-07,-3.441627876949143e-05
26242.18543384442,25.85162575351585,-89.08772805493568,327.1399559810801,-20544.48229373106,7.748775570556875e-07,4.866253100450024e-05,-0.12459922282594,2.952058298154753e-10,0.709220986893554,0.01596385280224698,-0.7090412989762831,3.451611422616511e-05,7.769230987163993e-07,-3.450736923864754e-05
26302.67991895381,25.83082105902762,-89.04932198342499,340.1210195209424,-20496.64576579724,8.093722502138664e-07,4.877503992157227e-05,-0.1240231984148309,2.952142629918131e-10,0.7092769493371794,0.01645119525560549,-0.7090861365417587,3.459901975858045e-05,8.025006737253671e-07,-3.458971177855217e-05
26363.3138582538,25.80613568558657,-89.08130119240263,327.7990235204345,-20441.83667441159,7.842529586578573e-07,4.89067072870905e-05,-0.123407071284827,2.953250033689901e-10,0.7091968792589709,0.01606440260005413,-0.7090149141730142,3.468818342490936e-05,7.857408292384553e-07,-3.467928316256586e-05
26424.08757321946,25.77395108702799,-89.03789349685781,342.0608529481964,-20368.64010730361,8.242459875342283e-07,4.90812372572676e-05,-0.1226823725948707,2.957046111910125e-10,0.7091997120364915,0.01661243726978397,-0.7090051187971776,3.481254118706426e-05,8.154559947736114e-07,-3.480298917365624e-05
26485.00138606701,25.75267584133872,-89.02147094256895,347.0815366721578,-20320.67780730312,8.402885615652359e-07,4.919660460319465e-05,-0.1221119936097664,2.957208471570765e-10,0.7091388600369279,0.01682505634306741,-0.708939235967037,3.489154118195401e-05,8.278380714494515e-07,-3.488171914025241e-05
26546.05561975539,25.7308161771422,-89.05472348951824,334.4930070925007,-20272.69110564397,8.136657222026497e-07,4.931401703385522e-05,-0.1215434430430863,2.957390875111463e-10,0.7092618685939779,0.01642732529409506,-0.7090716051465488,3.498053556591924e-05,8.101896663952367e-07,-3.497115184238299e-05
26607.2505979881,25.70902250530285,-89.09790631097519,318.4619816372395,-20225.19387186992,7.783313886955099e-07,4.943102831929262e-05,-0.1209797896195786,2.957518284881719e-10,0.7091759680640308,0.01590187412514249,-0.708997661546823,3.505886041400392e-05,7.861258846606812e-07,-3.505004564365184e-05
26668.58664521479,25.68942332028207,-89.08096087347066,323.7409351551566,-20181.29354322203,7.946719316470788e-07,4.953808981691736e-05,-0.1204395519013627,2.957134868761694e-10,0.7093443442394199,0.0161263080825601,-0.7091610119656038,3.51432970298024e-05,7.989513690239948e-07,-3.513421413430009e-05
26730.06408663312,25.66546569188971,-89.04766672359536,334.576619644666,-20127.47357114754,8.256520644311884e-07,4.966960967999334e-05,-0.1198420961662239,2.958222708679451e-10,0.7091526673123728,0.01654486731788418,-0.7089596412502523,3.522740896362489e-05,8.218721216475197e-07,-3.521782032588244e-05
26791.68324819031,25.62546091650164,-89.13152848966953,303.8008175047444,-20041.1543133203,7.562122159690074e-07,4.988586218539751e-05,-0.1190536908295165,2.964131042269144e-10,0.7091931608992965,0.01551902576308969,-0.7090233418623819,3.538197639523876e-05,7.742514077976441e-07,-3.537350404456358e-05
26853.44445658508,25.60641296232994,-89.08995007835422,317.6673788620567,-19998.3199252259,7.941015194943469e-07,4.999158647275509e-05,-0.1185260041697311,2.96364799835405e-10,0.7092151399539072,0.01604503713770441,-0.7090336180486012,3.545845681713846e-05,8.021998183987589e-07,-3.544938131059884e-05
26915.34803926915,25.58280485195545,-89.05761418508048,328.0927260435547,-19945.79396785867,8.244730242132024e-07,5.012232142821362e-05,-0.1179428071762513,2.964618422253915e-10,0.7091282017558443,0.01645419265797166,-0.7089372793621815,3.554714822661623e-05,8.248150671683516e-07,-3.553757767701672e-05
26977.3943244492,25.55547867971378,-89.10425162993809,310.935569186792,-19887.10775074394,7.859972016521844e-07,5.027154365748965e-05,-0.1173253229821211,2.966528361991785e-10,0.7091776052937017,0.01588927941201157,-0.7089995815583224,3.565499234660522e-05,7.988579047045888e-07,-3.564604193012974e-05
27039.58364108843,25.54136758063261,-89.0833135676601,317.7045004884027,-19855.83419168137,8.056305357290886e-07,5.03501408151319e-05,-0.1168714061120784,2.964367164758406e-10,0.7092777547099501,0.01616172583869783,-0.7090935988600539,3.57159829335581e-05,8.138305768067237e-07,-3.570670968743084e-05
27101.91631890843,25.51709113227589,-89.09482816883805,312.8822990350411,-19803.24968129196,7.976266763496134e-07,5.048416057068612e-05,-0.1162938088574085,2.965402630765866e-10,0.7091333244010173,0.01602705346980195,-0.708952188326628,3.58036397178116e-05,8.091945878521292e-07,-3.579449428559995e-05
27164.39268839082,25.49504762064006,-89.06036101706741,324.000363737835,-19754.59664899679,8.300272571105592e-07,5.06075162469872e-05,-0.1157412846125616,2.965869002115532e-10,0.7093568785702904,0.01646984232667602,-0.7091656544621434,3.59027827980497e-05,8.335905235240221e-07,-3.589310434447018e-05
27227.01308077913,25.46825517502137,-89.08477108782128,314.6643001613409,-19697.15190365412,8.10829956076833e-07,5.075580802998495e-05,-0.1151392949714182,2.967677455114148e-10,0.7093426772623017,0.01617853629921348,-0.7091581549618285,3.600701321801777e-05,8.212402679932755e-07,-3.599764666342416e-05
27289.77782808041,25.44261124557722,-89.08496468269496,313.7137114733503,-19641.80303124776,8.129428669717565e-07,5.089883892458915e-05,-0.1145516853729676,2.969195406706165e-10,0.7093379621805211,0.01618720755339228,-0.7091532407752487,3.610823584998648e-05,8.239958091257806e-07,-3.609883276651465e-05
27352.68726306712,25.42588360866354,-89.02706977851085,332.9318292144692,-19604.44310267069,8.660063225255046e-07,5.099413809896699e-05,-0.1140708405117774,2.968011789427142e-10,0.7091733814446328,0.01691104361649902,-0.7089717212649709,3.616804693314066e-05,8.624681004861965e-07,-3.615776220583222e-05
27415.74171927882,25.38212579233288,-89.11049290019007,302.9521415609529,-19512.47444074358,7.955081887134473e-07,5.123691524243715e-05,-0.1132745847621845,2.975142585928075e-10,0.7092007774303707,0.01589059530578176,-0.7090227300225784,3.634077862181751e-05,8.142639215211581e-07,-3.633165513854355e-05
27478.94153102397,25.37133591939687,-89.11770719067358,300.1415852006597,-19489.54656407355,7.899865821106499e-07,5.129739108542891e-05,-0.1128812647601417,2.971791912895327e-10,0.7092731295634979,0.01581418344211214,-0.7090968085690822,3.638730929932404e-05,8.113032345924607e-07,-3.637826363511889e-05
27542.28703338166,25.35065530366621,-89.12344002322818,297.5173604940241,-19445.51380416521,7.866323702441682e-07,5.141370772107738e-05,-0.1123671988148107,2.971670881356394e-10,0.7092025920536785,0.01575294405512518,-0.7090276167606255,3.646613043002328e-05,8.099926861626239e-07,-3.645713346366981e-05
27605.77856220346,25.32688178781346,-89.0634812954878,317.0217088632309,-19393.5136478428,8.426747226301496e-07,5.154985692500438e-05,-0.1118089661561043,2.972785893538178e-10,0.709215961517497,0.0165065297470783,-0.709023846247005,3.656398746582562e-05,8.51002486583995e-07,-3.655408286592458e-05
27669.41645411511,25.30480407806138,-89.07128207158209,313.6232119313686,-19346.79205312526,8.376761688330243e-07,5.167457646539781e-05,-0.1112830692809187,2.973111302551351e-10,0.7091718492035782,0.01642030349951205,-0.7089817242607926,3.665008521981046e-05,8.486032310336555e-07,-3.664025954023318e-05
27733.20104651841,25.27631575482454,-89.06865928642863,313.5272145010358,-19286.3940237863,8.426717167846004e-07,5.183632555940232e-05,-0.1106805138777488,2.97556263443984e-10,0.7090231982791175,0.01646066065050233,-0.7088320974313295,3.675712230257416e-05,8.533522149630691e-07,-3.674721526814804e-05
27797.13267759288,25.25149635571138,-89.13579069123833,290.1568835911784,-19235.50683254508,7.840193870155776e-07,5.197536618512418e-05,-0.1101345966429579,2.976572723687559e-10,0.7090225263616485,0.01564149944737729,-0.7088499745244351,3.685500023503219e-05,8.130453467642144e-07,-3.684603098826694e-05
27861.21168629771,25.23496858485977,-89.13119587252019,291.1701577886322,-19200.57925464859,7.896203603433884e-07,5.206978773169223e-05,-0.1096817731049334,2.975128996122792e-10,0.7092327331937904,0.01571440695510146,-0.7090586204592563,3.693294027232246e-05,8.18319891799394e-07,-3.692387343865245e-05
27925.43841237338,25.1986353052644,-89.0724117828277,309.6174016518358,-19122.94719245933,8.46451106616623e-07,5.227948986869379e-05,-0.1089870650272995,2.980336529452649e-10,0.7090768637513601,0.01644969305389574,-0.7088860319585212,3.707412398672301e-05,8.600731331117232e-07,-3.706414633562481e-05
27989.81319634363,25.1859908639424,-89.11459577392924,295.1400029701679,-19097.41330253888,8.090498255401604e-07,5.235060901672874e-05,-0.1085912115971188,2.977457591955177e-10,0.7092058210751934,0.0159421278731005,-0.7090266181222091,3.713087324354366e-05,8.346591521076899e-07,-3.712149097124077e-05
28054.33637951713,25.15687129577596,-89.0943512208664,300.9204702661077,-19036.11794975577,8.302071053202637e-07,5.25185952475292e-05,-0.1079937243212072,2.980174844746817e-10,0.7090727096080548,0.01620109462368534,-0.7088876018410134,3.724323130095037e-05,8.509439246816026e-07,-3.723350872766542e-05
28119.00830398941,25.12809242631746,-89.08038418533692,304.5950900682177,-18975.87470346518,8.456826206163095e-07,5.268491834231184e-05,-0.1074043659683566,2.982760117941059e-10,0.7091762146429784,0.01638780210352666,-0.7089868428663253,3.736677280161488e-05,8.634797181242014e-07,-3.735679472845461e-05
28183.82931264454,25.10309150844348,-89.17249990034028,273.3602695156109,-18926.04088115518,7.630012583283804e-07,5.282623196517996e-05,-0.1068759296680718,2.983735749400191e-10,0.7091941544566878,0.01525985201873949,-0.7090299610255567,3.746702447769079e-05,8.061843791564546e-07,-3.745835006989342e-05
28248.79974915707,25.08156391779644,-89.0758584429912,304.5364878998657,-18879.2963470285,8.541905038199745e-07,5.295429710129651e-05,-0.1063667611511887,2.984243990835176e-10,0.7091160007454671,0.01646550926272175,-0.7089248123164856,3.755467981554082e-05,8.72010965358674e-07,-3.754455450426977e-05
28313.91995799379,25.06153000761036,-89.10466616270983,294.4052293453791,-18838.56432067578,8.293614814851505e-07,5.306964026688472e-05,-0.1058931662178298,2.98381799867633e-10,0.7091271457349174,0.01612091122842979,-0.7089438800351661,3.763676674569504e-05,8.556138053404551e-07,-3.762703995913002e-05
28379.19028441557,25.03671398691882,-89.05878165168511,308.6386691006103,-18786.39790748333,8.742710565233066e-07,5.321563883976136e-05,-0.105357061279833,2.985221871919854e-10,0.7091510596423053,0.01670083415721113,-0.7089543761979735,3.77420610935431e-05,8.888429263470723e-07,-3.773159331171986e-05
28444.61107447915,25.00843207264776,-89.04555102899373,312.0052338836661,-18728.00959165616,8.893201071171413e-07,5.33811413636495e-05,-0.1047880490606808,2.987641672854084e-10,0.7090906256644842,0.01687475023790612,-0.7088898068174334,3.785635404366075e-05,9.00895451559371e-07,-3.784563289026025e-05
28510.1826750391,24.9893424210949,-89.06759474953431,304.1696637304552,-18689.40517948298,8.705824744781882e-07,5.349208204437595e-05,-0.1043315383722952,2.986927299301075e-10,0.7090393236880574,0.01661248232736004,-0.7088446853626972,3.793204060211304e-05,8.887311790629813e-07,-3.792162788082433e-05
28575.90543374947,24.96391427091251,-89.09600718631954,294.0897649872812,-18638.09519751375,8.463865313257835e-07,5.364019637142302e-05,-0.1038058089665372,2.988261544619193e-10,0.7092432314879978,0.01627734722454017,-0.7090564218585637,3.804770263436848e-05,8.732063125598513e-07,-3.803768113974662e-05
28641.77969906581,24.94416410898688,-89.08852602187773,295.8808951883743,-18597.67457049582,8.552433851176677e-07,5.375655682284337e-05,-0.1033424552876298,2.987868554772723e-10,0.7090116789334043,0.01637630786843339,-0.7088225288494738,3.81178642783854e-05,8.804225646170649e-07,-3.810769519733676e-05
28707.8058202469,24.90896986248669,-89.09146589253972,293.7937875636263,-18526.25351272918,8.557722480706725e-07,5.396388313174227e-05,-0.1027088187089835,2.992488768074352e-10,0.7091256559890982,0.01635431654597273,-0.7089370439695495,3.827099135877182e-05,8.826304646057873e-07,-3.826081210646393e-05
28773.9841473567,24.89277584085712,-89.06734586856831,301.0519230346761,-18492.90161164718,8.800679547553147e-07,5.406047546482202e-05,-0.1022881186189888,2.990990768156824e-10,0.7090411760610579,0.01666255267185381,-0.7088453630295579,3.833518153506318e-05,9.008813635642253e-07,-3.832459466315374e-05
28840.31503126606,24.86602262010781,-89.08234441375284,295.3493443971198,-18439.18808029501,8.684423916123733e-07,5.421841253289042e-05,-0.1017564449763667,2.992804426167163e-10,0.7088597195421829,0.01648457977452204,-0.7086680186230218,3.843717089045317e-05,8.938589573968678e-07,-3.84267761102357e-05
28906.79882365476,24.85671606413379,-89.12139591642844,282.5040134229909,-18421.28806745358,8.323050057094507e-07,5.427225646950621e-05,-0.1014238578246107,2.988822594248314e-10,0.7091866969385412,0.01602077958473149,-0.7090057162929617,3.849267424804132e-05,8.695631945958263e-07,-3.848285112379835e-05
28973.43587701323,24.82209661458423,-89.11982272055126,281.9397953998728,-18351.63208794776,8.369596071423254e-07,5.447820787755378e-05,-0.1008079598498008,2.993266862002848e-10,0.7091396125617382,0.01605104315705387,-0.7089579353655494,3.86361918540607e-05,8.745121156516278e-07,-3.862629349993816e-05
29040.22654464451,24.79442380205595,-89.13688375591488,275.6441984286278,-18296.55582258136,8.232118390579193e-07,5.464269320013658e-05,-0.1002742625386867,2.995372143575659e-10,0.7090569473200565,0.01584997574956921,-0.7088797731714283,3.874814784887459e-05,8.661606180810246e-07,-3.873846573500208e-05
29107.17118066605,24.77021153036091,-89.11696529965175,281.2538253190667,-18247.73279619121,8.444568289469729e-07,5.478831285249963e-05,-0.09977667897397742,2.996478864387243e-10,0.709199584266696,0.0161115664122701,-0.7090165497023306,3.885942606497303e-05,8.828068116197197e-07,-3.884939698672893e-05
29174.27014001167,24.75120122861184,-89.09557644621539,287.4616869926643,-18209.35928144725,8.667271917412127e-07,5.490313160869441e-05,-0.09933785922561744,2.99588726425521e-10,0.7090567241855318,0.01638488826883733,-0.7088673878442532,3.893324071612071e-05,8.99669627715806e-07,-3.892284454173879e-05
29241.52377843335,24.71971232790361,-89.03200601624529,306.5890608403865,-18145.34819418241,9.308979537237771e-07,5.509481472453356e-05,-0.09876099074418519,2.999541156742174e-10,0.7090810131078478,0.01718393336942881,-0.7088727640303348,3.907121008592982e-05,9.468552370862265e-07,-3.905973531322078e-05
29308.93245250321,24.69232831498655,-89.09901672227208,284.5322132082914,-18092.62344296958,8.690023613795765e-07,5.525747794321761e-05,-0.09824753798574402,3.001363434314272e-10,0.708918961749468,0.01636311119840809,-0.708730091727346,3.917685699358934e-05,9.042715768361449e-07,-3.916641950461487e-05
29376.49651961531,24.67102640013289,-89.04747950676486,300.0918120585129,-18049.3862091864,9.208931349595573e-07,5.538823514129248e-05,-0.0977873257639342,3.001633708314342e-10,0.7090273376599252,0.01701522572826159,-0.7088231427108865,3.927613210662345e-05,9.425479357860206e-07,-3.926482085335017e-05
29444.2163379876,24.64742192170303,-89.1011947424693,282.4553413047079,-18004.09075539808,8.711652167274298e-07,5.552926544938824e-05,-0.09731758545395003,3.002264411241621e-10,0.7091000044027161,0.01636441987341312,-0.7089111524063778,3.937957167539111e-05,9.08791201988601e-07,-3.936908385889179e-05
29512.09226666385,24.62273078708216,-89.08190241019544,287.7348205068687,-17955.14986146829,8.922834494574182e-07,5.568002866560728e-05,-0.09682982923024987,3.00352393622105e-10,0.7090072208446863,0.0166130263413094,-0.7088125609536619,3.948152724089214e-05,9.251071537277726e-07,-3.94706874785255e-05
29580.12466551546,24.60249686650285,-89.09523986512484,282.9326119008212,-17915.79499567307,8.812569220133218e-07,5.58027519246985e-05,-0.09639537916845092,3.003198561980004e-10,0.7089264359630654,0.01645825820058637,-0.7087353648184187,3.956388769718645e-05,9.185052864543221e-07,-3.955322436609103e-05
29648.31389524342,24.57747774327863,-89.08500388964562,285.3494678343091,-17866.666450926,8.936742492624819e-07,5.595587701122279e-05,-0.09590994929041166,3.004530395340683e-10,0.7089268950967854,0.01659701872342259,-0.7087325881889889,3.967258586679631e-05,9.287934411740935e-07,-3.966171216805899e-05
29716.66031738025,24.55315078119625,-89.0753302471706,287.5980603896873,-17819.03689464752,9.05533206484053e-07,5.610514060423201e-05,-0.09543427062903627,3.005632683201201e-10,0.708915867171926,0.01672857981873587,-0.7087184640923164,3.977789736123795e-05,9.3865543408351e-07,-3.976682089955452e-05
29785.1642942919,24.51932505533572,-89.06734439119029,289.0098757930597,-17753.15924334072,9.167402628017234e-07,5.631307866432379e-05,-0.09486276527327181,3.009847439333344e-10,0.7090757230177417,0.01684334681272608,-0.7088756468106937,3.993441103625756e-05,9.485998645998101e-07,-3.992314295129645e-05
29853.8261891796,24.49629377005106,-89.0150112195068,304.4429027081496,-17707.38442749385,9.706634219935036e-07,5.645692578165512e-05,-0.09440055499102318,3.01068775149764e-10,0.7088214798821348,0.01749676079746043,-0.7086054993463543,4.002267155077926e-05,9.879315603073317e-07,-4.001047649420967e-05
29922.64636608189,24.46847199650511,-89.01396968365118,303.8401206728032,-17653.65385952114,9.746468337208033e-07,5.662872236782071e-05,-0.09389765333593407,3.0129056001777e-10,0.7090276863919462,0.01752698283782205,-0.708811022024149,4.015614519578433e-05,9.926496259421627e-07,-4.014387429864026e-05
29991.6251898765,24.45664897415279,-89.0431015868834,294.4920623321496,-17631.53040460115,9.470489604325338e-07,5.670075589908089e-05,-0.09356429337862346,3.009747907919507e-10,0.7090363363476048,0.01717907229806116,-0.7088281919733523,4.020736371002898e-05,9.741746264332504e-07,-4.019556045520163e-05
30060.76302628231,24.42388140471423,-88.96228616300148,318.1953234594429,-17566.74619969989,1.030786378276567e-06,5.69070673208693e-05,-0.09300610531005452,3.013899766730114e-10,0.7088998124515055,0.01818765440564444,-0.7086664612643951,4.034687760562928e-05,1.035146368145244e-06,-4.033359647390926e-05
30130.06024186122,24.3942805256545,-88.98571784350601,310.0152690833236,-17510.62154501223,1.010750242821586e-06,5.709030084521751e-05,-0.09249573194109163,3.016605856537817e-10,0.7088737455316725,0.01790950763127905,-0.7086474699316351,4.04749992907864e-05,1.022590148448325e-06,-4.04620794939837e-05
30199.51720402016,24.37474030183346,-88.96680727984516,315.1159558812898,-17472.88472135532,1.031810496285037e-06,5.721292597022485e-05,-0.09208412024243752,3.016167944558465e-10,0.7090027712676955,0.01815905888958287,-0.7087701871872976,4.056955295701419e-05,1.039071962939221e-06,-4.055624435999729e-05
30269.13428101304,24.35634337120673,-88.96809628243228,314.0920036434339,-17437.86757413046,1.032593179839195e-06,5.732786227957374e-05,-0.09168821267364824,3.015273815991905e-10,0.708906626527178,0.01815303957912769,-0.7086741651056446,4.064551964313106e-05,1.040813697017519e-06,-4.063219135006446e-05
30338.9118419427,24.32986714685013,-88.91245114621667,330.0541182352819,-17386.28729373149,1.091477961810322e-06,5.749587225354059e-05,-0.09120675056604108,3.017263783686185e-10,0.7088170017322164,0.01885131982909037,-0.7085662775530248,4.07602119775e-05,1.084036909966305e-06,-4.074579419312581e-05
30408.8502567628,24.31451099460985,-88.93255498636479,323.4177186726678,-17357.64004861738,1.073079020268433e-06,5.759152421823247e-05,-0.09084704587056598,3.01529254271597e-10,0.7088389855575662,0.01861571738373645,-0.7085944979412192,4.082901332485973e-05,1.072262373541068e-06,-4.081493087687227e-05
30478.94989627983,24.29147657303501,-88.8785220258307,338.9155877225461,-17312.82584249973,1.130288281886856e-06,5.773851922132646e-05,-0.09040409269675194,3.016144688289524e-10,0.7087366715346645,0.0192936365409077,-0.7084740116384385,4.092804771009342e-05,1.114166810555463e-06,-4.09128796551641e-05
30549.21113215512,24.27532008960315,-88.86564191225409,342.1993150405968,-17282.03369440622,1.145299835718937e-06,5.784088243643744e-05,-0.09003574845997674,3.014569383808447e-10,0.7087632441720855,0.01946612853031739,-0.7084958758732336,4.100232121689232e-05,1.126125629979192e-06,-4.098685382215525e-05
30619.63433690677,24.25506983614914,-88.88384704402897,335.9713395423056,-17244.32533229257,1.129392746183082e-06,5.796808730662583e-05,-0.0896326712044076,3.014212898579272e-10,0.7087188828604071,0.01925233216622178,-0.7084573400206006,4.10896603836297e-05,1.11619968006228e-06,-4.107449681634892e-05
30690.21988391158,24.23714486489157,-88.87693577751753,337.3887610277202,-17210.48175492148,1.138617063140543e-06,5.808180489276156e-05,-0.08925101399239367,3.013194072292383e-10,0.7086298748309033,0.01934791387391916,-0.7083656949144199,4.116518794961783e-05,1.12394430342491e-06,-4.114984141075345e-05
30760.96814740708,24.19808669386693,-88.93269532550063,319.2951839269643,-17138.6397895465,1.086648177810268e-06,5.832744317783774e-05,-0.08867403741347103,3.018865613059595e-10,0.7087271250216858,0.01867367693294317,-0.7084810735166525,4.134418127512825e-05,1.089344342740035e-06,-4.13298276576809e-05
30831.87950249353,24.18705033645241,-88.88750392554705,332.3973151049178,-17116.97711118463,1.134069378685604e-06,5.839950780387533e-05,-0.08835826949231364,3.015734203906421e-10,0.7086192418639274,0.01924216100577985,-0.7083579386014073,4.138957690886631e-05,1.123910918290372e-06,-4.137431450722425e-05
30902.9543251359,24.16267258762549,-88.94961003640971,313.0299466828108,-17072.97869400707,1.073547636744597e-06,5.855240408584405e-05,-0.08792845253127389,3.016552118794085e-10,0.7086075492375552,0.01848665637959643,-0.7083663616888912,4.149639975669476e-05,1.082587511405711e-06,-4.148227569755021e-05
30974.19299216581,24.13471566233473,-88.97467070092986,304.6405564907258,-17021.60943210368,1.051108116861624e-06,5.873003923782301e-05,-0.08746227161379559,3.018696911495221e-10,0.7088406125900338,0.0181954736168049,-0.7086070411708273,4.16356447421691e-05,1.068759692897217e-06,-4.162192530163582e-05
31045.59588128356,24.10832465023093,-88.96457826601696,306.7522425785796,-16972.50014947044,1.064521076698918e-06,5.889959917329215e-05,-0.08700935571491671,3.020468497022168e-10,0.708765283353586,0.01833104639467205,-0.7085281925409641,4.175154032888502e-05,1.079834806801616e-06,-4.17375739187669e-05
31117.16337106017,24.08644398531064,-88.96106533201085,307.0587941982567,-16932.00281073404,1.070685873521155e-06,5.904034198795256e-05,-0.0866021080276372,3.020729241904705e-10,0.708768822326313,0.01838731041542186,-0.7085302748065996,4.185155676691349e-05,1.085738454346962e-06,-4.183747095395388e-05
31188.89584093937,24.05234229664244,-88.94673657412049,310.1344466902673,-16868.89792454693,1.089506474575076e-06,5.926066486285833e-05,-0.08608090850334496,3.025056018250005e-10,0.708860789081689,0.01857967252578625,-0.7086172549877326,4.201337233737898e-05,1.101196048301203e-06,-4.199893834875409e-05
31260.79367123956,24.03235038908718,-88.92338449573437,316.3124076988248,-16831.66630359183,1.116114248104533e-06,5.939084943726535e-05,-0.08569337429057373,3.02477461207291e-10,0.7087101413552028,0.01887726093070576,-0.708458688618797,4.209703248817137e-05,1.121299979097265e-06,-4.208209631977751e-05
31332.85724315586,24.00690430519365,-88.91928490323141,316.6366514477007,-16784.99012211998,1.123477768949116e-06,5.955584474511485e-05,-0.08525919378985322,3.026209857787133e-10,0.7086520153837602,0.01893921637721656,-0.7083988883323308,4.221057199969336e-05,1.128106798758413e-06,-4.219549458878154e-05
31405.08693876216,23.9803814974068,-88.9105064613137,318.284819749465,-16736.38088370101,1.135888708989797e-06,5.972847241069409e-05,-0.08481676081023798,3.028018894199595e-10,0.7087345134139937,0.01906281700043276,-0.7084781009404444,4.23379679441946e-05,1.138763415376287e-06,-4.232265052578171e-05
31477.48314101316,23.96229249682742,-88.94206565887336,308.468072991851,-16704.16528622537,1.10512801476981e-06,5.984490012890474e-05,-0.08445880071214747,3.026881039912386e-10,0.7086548592826794,0.01868335338377152,-0.7084085275399296,4.241528507832579e-05,1.118259120940654e-06,-4.240054132689911e-05
31550.04623374628,23.92586128919084,-88.94640835258249,305.9876022246559,-16638.15588226593,1.104960087636048e-06,6.008249369617563e-05,-0.08393156488511704,3.031900486906058e-10,0.7087682715844532,0.01864554925747229,-0.7085229751375043,4.259042977503628e-05,1.12042537470264e-06,-4.257568972315093e-05
31622.77660168379,23.90070948359697,-88.91889210118312,313.1106266993356,-16592.04258849624,1.136955499197139e-06,6.024839930462814e-05,-0.08350644306831093,3.033334312882116e-10,0.708626152192083,0.01899494249092096,-0.7083715237997105,4.269984682623485e-05,1.144582559261248e-06,-4.268450362542539e-05
31695.6746304349,23.87639366953976,-88.94563388927764,304.5680814755726,-16548.80180175515,1.111742480802655e-06,6.040687481189751e-05,-0.0830972566354003,3.03426548521839e-10,0.7086294815897161,0.01867737309589318,-0.7083832987248827,4.281198567401349e-05,1.128397068120497e-06,-4.279711248914572e-05
31768.74070649771,23.85997375186317,-88.8738164810774,324.7055135576416,-16517.60948589865,1.18967264943828e-06,6.051806150186472e-05,-0.08274987107703222,3.033003681471576e-10,0.7086990911447637,0.01958019884251751,-0.7084285550446859,4.289601689090496e-05,1.185146913225465e-06,-4.287964192829595e-05
31841.97521726125,23.82330115710889,-88.90722559323433,313.8306282082921,-16452.60909579415,1.158958216603406e-06,6.075852635861611e-05,-0.08223466184141882,3.037983091576914e-10,0.7088411269976865,0.01918398126294484,-0.7085814830958069,4.307460015061574e-05,1.165765205664979e-06,-4.305882220429033e-05
31915.37855100762,23.80179397398192,-88.8208179507138,337.8200380035775,-16412.16432705605,1.253631019482653e-06,6.090461187215373e-05,-0.08184383823969946,3.038465257881962e-10,0.7085672008456528,0.02025779552580742,-0.7082775584717323,4.3162765597335e-05,1.234014894784319e-06,-4.314512187084348e-05
31988.95109691397,23.77711685967209,-88.81200469254722,339.4289987078066,-16367.96196436357,1.266406132466866e-06,6.10686991581951e-05,-0.08143568218527505,3.039663611502696e-10,0.7086356171082796,0.02038179332785971,-0.7083424456681759,4.328336334355107e-05,1.244917055965756e-06,-4.326545647342261e-05
32062.69324505466,23.74891960327489,-88.80830228257598,339.4427907307215,-16317.75779479195,1.274259073231997e-06,6.125642226795981e-05,-0.08099917849596158,3.042003077314978e-10,0.7085401133043591,0.02043792514364063,-0.7082452847546371,4.34106154437738e-05,1.252184445481219e-06,-4.339255197982377e-05
32136.60538640318,23.73467496700284,-88.81032079045657,338.343931083875,-16292.53758781315,1.274071127910561e-06,6.13513346449961e-05,-0.08068798373172507,3.039704735256669e-10,0.708534162770874,0.02042594496788925,-0.7082396773590083,4.347747356126047e-05,1.253388374150069e-06,-4.345940318105678e-05
32210.68791283435,23.70659919872628,-88.75995387613071,351.5721560736262,-16241.69864809314,1.332134666275663e-06,6.154107893514866e-05,-0.08025120826503693,3.042206454384481e-10,0.708416984919041,0.02105821740220287,-0.7081039302260836,4.360553224574384e-05,1.296206609267818e-06,-4.35862626392846e-05
32284.94121712635,23.69555205281741,-88.73027876441905,359.5403124554676,-16221.48982424878,1.36569215396464e-06,6.161634901882589e-05,-0.07996701225135053,3.03899085496842e-10,0.7084552818709589,0.02143932103297292,-0.7081308084842128,4.366171455906766e-05,1.321293720628059e-06,-4.364171744032686e-05
32359.36569296283,23.66460449535879,-88.70112052172573,366.5487140625132,-16166.31629408642,1.401800940543979e-06,6.182522681641955e-05,-0.07951173005688557,3.042349195399303e-10,0.7083470213596043,0.02180958924451713,-0.7080111895203416,4.380352508337398e-05,1.348684840513075e-06,-4.378275755283972e-05
32433.96173493494,23.645255660287,-88.71905177595238,360.7366239583174,-16132.76945255141,1.385336548861773e-06,6.195466074873128e-05,-0.07916424225690225,3.041663765212662e-10,0.7083857042289793,0.02160244895743858,-0.7080562408135587,4.389731085271166e-05,1.338662555445913e-06,-4.387689463330608e-05
32508.72973854344,23.62746205669158,-88.72934432987829,357.1509773048316,-16101.83564453856,1.376852602368399e-06,6.207418072152996e-05,-0.0788307250480839,3.040498141348704e-10,0.7084800353241727,0.02149140687579284,-0.708153994469734,4.39876695308731e-05,1.334345156209449e-06,-4.396742650828454e-05
32583.67010020087,23.60790428707862,-88.70826311636843,362.2961309619275,-16067.1437177307,1.402702521053239e-06,6.220718653314559e-05,-0.07847996668825127,3.040055086898534e-10,0.7084266211395978,0.02176364374785892,-0.7080922407074403,4.407895401831319e-05,1.354153871984133e-06,-4.405814856118627e-05
32658.78321723358,23.58776288267021,-88.67294367674739,371.3724153351264,-16031.17110159418,1.444262526851205e-06,6.234501736667484e-05,-0.07812416364074153,3.039869095964193e-10,0.7084671747535282,0.02221476088240754,-0.7081188050759446,4.417976314681423e-05,1.385304653655009e-06,-4.415803893658738e-05
32734.06948788383,23.55960437561287,-88.76710612687813,344.0068415028543,-15984.42361487028,1.345773626599665e-06,6.253194164195373e-05,-0.07771719406055098,3.041747438873729e-10,0.7085104993186334,0.02106565054654428,-0.7081972648999643,4.431329963664852e-05,1.317536558184629e-06,-4.429370860636125e-05
32809.5293113119,23.5317343021273,-88.69302257366822,363.5427286619278,-15934.36171752859,1.431067493927847e-06,6.272480589661023e-05,-0.07729560544120877,3.04428606695111e-10,0.7083283025952315,0.0219890933550753,-0.7079869095052984,4.443980935278219e-05,1.379573727267092e-06,-4.441839069172432e-05
32885.1630875983,23.50881867599121,-88.70371322059349,359.6773643668877,-15895.0002341216,1.422884701552639e-06,6.288066724498429e-05,-0.07692733196939248,3.044805763334113e-10,0.7085151162533253,0.02187620374272073,-0.7081773094848988,4.456178906380175e-05,1.375895523379804e-06,-4.454054283543819e-05
32960.97121774578,23.48778185201046,-88.70178214926216,359.3902040532176,-15858.6772686639,1.428266764272281e-06,6.302459391686409e-05,-0.07657501538814045,3.044760736266141e-10,0.7082953273791548,0.0219067523579003,-0.7079564711112355,4.464995778890769e-05,1.380971369233247e-06,-4.462859675845294e-05
33036.95410368148,23.45991280832283,-88.6895712854166,361.6690103446313,-15810.47049598763,1.446087300035028e-06,6.32161449775306e-05,-0.07616666246373469,3.047020229510657e-10,0.7083104406115674,0.02207160745737262,-0.7079664712566552,4.478682855742694e-05,1.395598938689469e-06,-4.476507920058538e-05
33113.11214825911,23.42997246843637,-88.72289586785703,351.342303987732,-15759.95000618737,1.413855370361927e-06,6.342045833928823e-05,-0.07574866219567154,3.049757416820196e-10,0.7083345130916553,0.02167410704717184,-0.708002835813883,4.493250840547873e-05,1.374875823610023e-06,-4.491146878112616e-05
33189.44575526103,23.41266897258127,-88.6538248361058,369.6175812692921,-15728.73354914395,1.493225325218109e-06,6.354281955023637e-05,-0.07542475133152164,3.048782032047197e-10,0.7082458514431773,0.02253834695632078,-0.7078871442560232,4.501479989985637e-05,1.43249575870437e-06,-4.499200113270583e-05
33265.95532940045,23.38197097885833,-88.62946342439665,375.0433809192469,-15675.83430043594,1.525357551775685e-06,6.375596383529503e-05,-0.07499819233505924,3.052034703259055e-10,0.7084239894688042,0.02285867448267978,-0.7080551036859993,4.517760323574637e-05,1.457743020599759e-06,-4.515407865755223e-05
33342.64127632351,23.35520289360921,-88.63175416155798,373.3314928067851,-15630.41672244482,1.527234840660774e-06,6.394134288831326e-05,-0.07460890885479406,3.053863172741843e-10,0.7082752463873172,0.02283920145751533,-0.7079069116217174,4.529939939320989e-05,1.460734529299364e-06,-4.527584168207652e-05
33419.50400261143,23.331253292055,-88.62018099437972,375.5066494924883,-15589.57129028016,1.544178100091778e-06,6.41082511023595e-05,-0.07424279341003098,3.054822349426576e-10,0.7081422648338851,0.02299153398684273,-0.7077689288242287,4.540933123478167e-05,1.474322652735872e-06,-4.538539121684143e-05
33496.54391578276,23.30360155458816,-88.66564285616337,362.0674926846006,-15543.95589239486,1.497720770657433e-06,6.429880082745397e-05,-0.07385530345151205,3.056740537033374e-10,0.7082265618685389,0.02244630253255525,-0.7078707695891592,4.554885991891738e-05,1.443610766384639e-06,-4.552597750590685e-05
33573.76142429547,23.28096272328591,-88.56624316779981,388.0359073642481,-15503.45110569534,1.613404145686616e-06,6.446138569052239e-05,-0.07349342980287478,3.057677994352708e-10,0.7083035666493288,0.02369061681363708,-0.7079072659629576,4.567090584374242e-05,1.527553976600924e-06,-4.564535265978954e-05
33651.15693754908,23.2523355504769,-88.58303914734267,382.3094752281543,-15455.79294070441,1.59943588834529e-06,6.466109660882384e-05,-0.07309899776946832,3.060052240502056e-10,0.7081327781529388,0.02349118602472242,-0.7077430294066845,4.580101304467502e-05,1.519376239523299e-06,-4.577580465443795e-05
33728.73086588689,23.22886048501457,-88.51358970842607,399.9924258167851,-15414.81264599556,1.682220580892435e-06,6.482901527633511e-05,-0.07273750201870047,3.061130757235592e-10,0.7078792049442835,0.02435409824665832,-0.7074601378813812,4.590491305140981e-05,1.579327030162353e-06,-4.587773717599086e-05
33806.48362059816,23.202894737374,-88.40119033039858,428.9672563612157,-15368.70470801841,1.814727409442242e-06,6.501664000615471e-05,-0.07235314239279451,3.063252985357342e-10,0.7080477820042987,0.02576184546185383,-0.7075789630278776,4.605115744218922e-05,1.675540594176985e-06,-4.602066563493584e-05
33884.41561392025,23.17557880799486,-88.43473220923393,418.7439343287007,-15324.08144354815,1.781867710672277e-06,6.520807510619779e-05,-0.07197713951665542,3.065107283935255e-10,0.7082212070418007,0.02536766926256667,-0.7077667408545913,4.619730862606901e-05,1.654734473346076e-06,-4.616766377146444e-05
33962.52725904085,23.1521058470174,-88.37033906162279,434.8260471747897,-15283.5341214983,1.860015560899905e-06,6.537697425495825e-05,-0.0716215841299791,3.066170781184783e-10,0.7079346370353636,0.02616637977174383,-0.7074508964472608,4.629966891722757e-05,1.711308723736965e-06,-4.626803177461681e-05
34040.81897010009,23.13695630552847,-88.29553454980815,453.9943827678488,-15256.56520939952,1.948733915242625e-06,6.548756368395546e-05,-0.07133076821132169,3.064526364648662e-10,0.7079599756169163,0.027104869524724,-0.7074409184684982,4.638140237935276e-05,1.775752730612475e-06,-4.634739678682237e-05
34119.29116219284,23.11064709299875,-88.23320930346148,469.2162918204819,-15211.53102012524,2.025882260145781e-06,6.567711177240881e-05,-0.07095664274911147,3.066529904446099e-10,0.707742683755797,0.0278797711364417,-0.7071933432741273,4.650289738468057e-05,1.831866532884818e-06,-4.646680245267397e-05
34197.94425137089,23.09946712818267,-88.16941986455448,485.5269125994023,-15191.45552616712,2.101702011940077e-06,6.575930564324181e-05,-0.07070001699453807,3.063520177418493e-10,0.7078729440019846,0.02868634013533192,-0.7072914524718059,4.657128494072354e-05,1.887287445676567e-06,-4.653302834683613e-05
34276.77865464504,23.08174080639081,-88.16432243424026,485.9407426234826,-15162.15431189018,2.111619289181604e-06,6.588601181634726e-05,-0.07040135921093624,3.06238098384206e-10,0.707764642055398,0.02875886366693464,-0.7071801158858981,4.665400524279815e-05,1.89570952908533e-06,-4.661547479728564e-05
34355.79478998746,23.07237569314947,-88.06542653115076,511.5327256872673,-15144.17936308884,2.227853972067554e-06,6.595671880509906e-05,-0.07015617072576945,3.05896414837502e-10,0.7076729886094338,0.02998959870728016,-0.7070372569934233,4.670066999084451e-05,1.979069958765242e-06,-4.665871686718439e-05
34434.99307633384,23.05815071367927,-88.03043747437874,519.957174145669,-15119.91410825757,2.27172436004967e-06,6.605981974962525e-05,-0.06988266453603363,3.056826626127757e-10,0.7077039167615081,0.03043675067590515,-0.7070491057966712,4.677668039101304e-05,2.011759614137551e-06,-4.673339974427185e-05
34514.37393358563,23.04229011049618,-88.04090208180679,516.3131960973366,-15094.2110324632,2.263521058432088e-06,6.61731383018096e-05,-0.06960341516005493,3.054989444804533e-10,0.7078129939696961,0.03032637795423664,-0.7071630259229634,4.68638411114518e-05,2.007889894705759e-06,-4.682080714693136e-05
34593.9377826122,23.02185220917338,-87.99334942162427,527.6413051298755,-15059.55178647975,2.323709773406794e-06,6.632162290773499e-05,-0.06928387634354044,3.054977988042145e-10,0.707696061771414,0.03092229371633205,-0.7070201748168787,4.69625798584907e-05,2.051997695770712e-06,-4.691772812510926e-05
34673.68504525317,23.01064628289514,-88.01312118389771,521.821879228398,-15041.78594091857,2.303568429218583e-06,6.640155308129188e-05,-0.06904298122056979,3.051551667855459e-10,0.7076907683635679,0.03069223778977577,-0.7070249006693279,4.701825314158409e-05,2.039160987246335e-06,-4.69740135708476e-05
34753.61614432058,22.99635661807212,-88.08876093940349,501.2306491778895,-15020.49049939049,2.219146904526401e-06,6.650166954247977e-05,-0.06878666383134108,3.048849709458879e-10,0.7077559073875809,0.02977575277484097,-0.7071292873221342,4.7091354958906e-05,1.981164026259135e-06,-4.704966207069651e-05
34833.73150360118,22.97229137917277,-88.03677416377586,513.4875637500591,-14980.01645169118,2.285574361754319e-06,6.667725560985281e-05,-0.06844353340778575,3.050056197434121e-10,0.7077596883295391,0.03043173239988526,-0.7071051450014121,4.721738448365813e-05,2.030218494953533e-06,-4.717371736825866e-05
34914.03154785863,22.96021956802889,-88.05236846620541,508.7534422451874,-14960.83645074596,2.270354570144929e-06,6.676397757476445e-05,-0.06819868598278979,3.046942484173825e-10,0.7076569529626578,0.0302491410744697,-0.7070101502387715,4.727148609135358e-05,2.020642693597107e-06,-4.722827966790499e-05
34994.51670283573,22.93341570581071,-88.01542841859494,516.8738754552978,-14916.49260386269,2.32022446481183e-06,6.695948994942032e-05,-0.06784015769264985,3.048971848737453e-10,0.7075010862280366,0.03071248186657597,-0.7068341605153553,4.74005147187368e-05,2.057646945147379e-06,-4.735583263601549e-05
35075.18739525679,22.91877057057675,-88.07180856809019,501.4321823868542,-14894.32039431134,2.257765694751589e-06,6.706367643345883e-05,-0.06758352244953765,3.046487775916538e-10,0.7076772074753604,0.03003872067882948,-0.7070393944046567,4.748448156512547e-05,2.015570182629478e-06,-4.744168490207357e-05
35156.04405282981,22.89430666651798,-88.10452398628972,491.6422114852455,-14855.76518755045,2.22527513772562e-06,6.724029009607913e-05,-0.06725354136711627,3.047369421686649e-10,0.7076763268271686,0.02964931831810939,-0.7070549494027073,4.760855780261038e-05,1.994642510205718e-06,-4.756675495869961e-05
35237.08710424873,22.86991411815279,-88.10031767001331,491.430816198658,-14816.47370619506,2.236120325037604e-06,6.741827518283841e-05,-0.06692139513562992,3.048423332214135e-10,0.7075320093958316,0.02970955216075978,-0.7069079762105605,4.772495060254138e-05,2.003989770733673e-06,-4.768285787380838e-05
35318.3169791957,22.85111678835115,-88.08640250039984,494.0146337607086,-14785.98731496126,2.257119874891283e-06,6.755618873965394e-05,-0.06663009936335125,3.047683068862953e-10,0.7075470941399271,0.02989628838881139,-0.706915201680108,4.782397629433977e-05,2.02072681668382e-06,-4.778126590761182e-05
35399.73410834346,22.82903769062901,-88.08871787444349,492.2405529167036,-14750.74966473621,2.259778364289692e-06,6.771775456514441e-05,-0.06631842816301156,3.047937371779568e-10,0.7075070668218096,0.02988048048612476,-0.7068758069765289,4.793556566819211e-05,2.024485410405817e-06,-4.789279606321405e-05
35481.33892335755,22.81527321900289,-88.11061207303123,485.8916971515292,-14729.34770748406,2.237175750933904e-06,6.781786910835159e-05,-0.06606989948234827,3.04534582212794e-10,0.7074989508517584,0.02962450535767409,-0.7068784578261329,4.80052659533857e-05,2.010083911390311e-06,-4.796316421926792e-05
35563.13185689854,22.79522921602653,-88.07766126095396,493.2719557767089,-14696.57508900647,2.281209550987173e-06,6.796649812992417e-05,-0.06577127631358667,3.045117069329727e-10,0.7075554473871717,0.03004794085363136,-0.7069171326101223,4.811522762122005e-05,2.043321861290558e-06,-4.807182090178183e-05
35645.11334262443,22.77177694497437,-87.9777203024331,517.5299608006105,-14656.71056773043,2.406142426855475e-06,6.814317200225673e-05,-0.0654420120340055,3.046376804215173e-10,0.7076510695450348,0.03129974737788437,-0.7069585292238239,4.824970830547726e-05,2.134107819534552e-06,-4.820248889194668e-05
35727.28381519288,22.74941292619677,-87.9801447880527,515.6618193057076,-14621.34774453764,2.409074987738931e-06,6.830818536424611e-05,-0.06513396820888823,3.046721276484982e-10,0.7073420268228378,0.03127075407522865,-0.7066504672392192,4.834534469539807e-05,2.137290486530924e-06,-4.829807804761013e-05
35809.6437102636,22.73533520605964,-87.94992711210608,522.5573508423919,-14598.28713859417,2.448916828727183e-06,6.841352626015855e-05,-0.06488167203172097,3.044515784038428e-10,0.7074790962329764,0.03166418157896283,-0.7067701544431284,4.843018146802787e-05,2.167558120191816e-06,-4.83816511584888e-05
35892.19346450054,22.71903386773904,-87.90681787145731,532.5731953962539,-14571.41232647562,2.504933768060209e-06,6.853597421056818e-05,-0.06461327870313932,3.043115836031296e-10,0.7074369224493229,0.03220867217997175,-0.70670333286392,4.85152819862522e-05,2.20883694874722e-06,-4.846497318207673e-05
35974.93351557424,22.70660639357597,-87.8831141075503,537.8622225014832,-14551.19132879892,2.536769279544642e-06,6.862912768254829e-05,-0.06437521355951022,3.040335989991637e-10,0.7074088828999203,0.03251442971670025,-0.7066612621800568,4.858002759691308e-05,2.232869746362309e-06,-4.852868609402706e-05
36057.86430216423,22.68687372562638,-87.9073787262555,530.581269490375,-14520.80666952631,2.512991252011816e-06,6.87748743330571e-05,-0.06409304055753967,3.039690655463232e-10,0.7074094583913693,0.0322298970231084,-0.7066748725966209,4.868246900643406e-05,2.217995454112207e-06,-4.863191631766067e-05
36140.98626396133,22.673071723187,-87.96344295837645,515.6362894781729,-14500.62012810315,2.449184551690834e-06,6.887547585843596e-05,-0.06385673468979899,3.036921429729711e-10,0.7075886520265902,0.0315611370343636,-0.706884428393995,4.876430043181328e-05,2.175072711956804e-06,-4.87157680356355e-05
36224.29984166988,22.66418979651278,-87.91213292160708,528.0812907616456,-14485.32610096764,2.513433545578785e-06,6.894375009633331e-05,-0.06364267249729058,3.033135799256501e-10,0.7074207987113429,0.03220130423937338,-0.7066875281584341,4.880262417583721e-05,2.221461613269831e-06,-4.875203826250528e-05
36307.80547701014,22.65275445983495,-87.95138270391284,517.5416919160488,-14468.45013724646,2.46914153284437e-06,6.902758117419074e-05,-0.06342232277518003,3.029689485630519e-10,0.7074092367629061,0.03173148629304201,-0.7066972060473367,4.885994828671136e-05,2.191657528297375e-06,-4.881076913816013e-05
36391.50361272071,22.64164575908008,-87.95261678071569,516.6094414124087,-14451.10073164508,2.470619236839439e-06,6.911055934923384e-05,-0.06320057942745359,3.02635034992091e-10,0.7073302371426453,0.03172757124793644,-0.7066183026209963,4.891317288840658e-05,2.194019280228489e-06,-4.886394132086705e-05
36475.39469256078,22.6178195695253,-88.0120552324063,500.3628865488251,-14415.47931445219,2.404938612770898e-06,6.928639944510213e-05,-0.0628997933887185,3.026851010621243e-10,0.7072677790886568,0.03100665575663957,-0.7065877855127346,4.903149265374751e-05,2.149543155928752e-06,-4.898435195116188e-05
36559.47916131248,22.60557826866467,-88.05345963746129,489.3216258918961,-14397.4804102636,2.357871091388132e-06,6.937646131276316e-05,-0.06267677297183682,3.023664739047319e-10,0.7074266507865393,0.03051780698634269,-0.706768087635403,4.91050259437988e-05,2.118350647584503e-06,-4.905931270895498e-05
36643.75746478333,22.58747470138402,-88.14933129782997,464.3741444838674,-14371.79163489608,2.245913499536364e-06,6.950817832722434e-05,-0.06242104625811708,3.022102704768311e-10,0.7075656704521944,0.0293558696912469,-0.7069564420225152,4.920518518571123e-05,2.04145150728169e-06,-4.916281852074343e-05
36728.23004980847,22.56563328417834,-88.25580072509983,436.691579652685,-14340.59476373085,2.121475205728743e-06,6.966751282645526e-05,-0.06214229600583267,3.021711294982814e-10,0.7075950972162163,0.02805828428761989,-0.7070385804800624,4.931714432882493e-05,1.955573832090761e-06,-4.927835686929294e-05
36812.89736425313,22.54940387239219,-88.25657572145883,435.7331448554304,-14315.48524587211,2.124253178799965e-06,6.978976788579466e-05,-0.06189081552304126,3.020049476627685e-10,0.7076088252647685,0.02806429421459167,-0.7070520808135866,4.940461626934445e-05,1.959423960015042e-06,-4.936574486894828e-05
36897.75985701503,22.52509970019762,-88.34651208223463,412.2234043223287,-14280.17942158885,2.01977770172553e-06,6.996882678163509e-05,-0.0615961823154673,3.020553049141773e-10,0.7076641134996848,0.02697158272428912,-0.7071499354879711,4.953292794616906e-05,1.887875106552151e-06,-4.949693807199023e-05
36982.81797802663,22.49997132819228,-88.43603977493075,388.8952553649517,-14243.66308056604,1.915427124800626e-06,7.015436224706442e-05,-0.06129736756010667,3.021331922332266e-10,0.7077522483855286,0.02588491602929198,-0.707278740113774,4.966826961387472e-05,1.816538190034903e-06,-4.963503999636442e-05
37068.0721782576,22.47505036932792,-88.44324511362176,386.0673622952995,-14205.5677007176,1.911724247874019e-06,7.034297866263445e-05,-0.06099282175030151,3.022466788327256e-10,0.7075257876455756,0.02580285022586015,-0.7070551273441937,4.978569167051995e-05,1.815640882631385e-06,-4.975257323292331e-05
37153.52290971724,22.44400122914193,-88.50422624663872,369.7345980712644,-14159.50718651233,1.8428831358724e-06,7.057580530036871e-05,-0.06065523223611324,3.025324701673868e-10,0.7076874027669006,0.02507119627406891,-0.7072431655041627,4.996045923344786e-05,1.769945988139855e-06,-4.992909750852776e-05
37239.17062545685,22.42583357285859,-88.54906766887757,357.9699539315637,-14132.83215100321,1.791057953803603e-06,7.071186046710738e-05,-0.06040172374791258,3.024063668658084e-10,0.7078341952533582,0.02453797520155723,-0.7074087472904028,5.006613756726517e-05,1.735606516754358e-06,-5.003604501680084e-05
37325.01577957207,22.40324832402675,-88.6591105440496,330.0652103344935,-14101.00641903799,1.659058297032517e-06,7.087809003652792e-05,-0.06012709779988129,3.023918077893279e-10,0.7080576519505358,0.02320184344800199,-0.7076774074013671,5.01973162094896e-05,1.644880567273064e-06,-5.017035900364771e-05
37411.05882720533,22.36926779524112,-88.6568309421659,329.4160033838023,-14049.37744911054,1.667983844213784e-06,7.11384218303285e-05,-0.05976916822155556,3.028050064111661e-10,0.7078306255836069,0.02323783325079037,-0.7074490777574657,5.036557124742433e-05,1.653484186649121e-06,-5.033842227487744e-05
37497.30022454834,22.35636678206394,-88.68116018957889,323.0100355017689,-14030.39471111872,1.640008555602655e-06,7.123607577384674e-05,-0.05955113190637249,3.02517318810485e-10,0.7079123356135367,0.02295539736052744,-0.7075400516195766,5.044002377827211e-05,1.63561323973989e-06,-5.041349787589276e-05
37583.74042884442,22.31533336157751,-88.75096180647537,304.5934139687946,-13970.07114577052,1.559972224223382e-06,7.154758428249928e-05,-0.05915871738216979,3.031248309738676e-10,0.7079658509269497,0.02211043359458486,-0.7076205019676716,5.066302916682951e-05,1.582253636424738e-06,-5.063831551097487e-05
37670.37989839089,22.28314740666939,-88.82063031151915,286.6354601854544,-13923.27000369201,1.477962464222045e-06,7.179178190783308e-05,-0.05882492427917751,3.034442318762862e-10,0.7082442691084029,0.0212737451940008,-0.7079246940814513,5.085461704153516e-05,1.527535360423115e-06,-5.083167034599449e-05
37757.2190925416,22.25741732930648,-88.83535733580416,282.2782414377774,-13885.052310392,1.463534310041702e-06,7.199014117941464e-05,-0.05852853476502345,3.035796188706804e-10,0.7081257136721669,0.02110368373876055,-0.7078111760182726,5.098631245514292e-05,1.519502811837034e-06,-5.09636651839159e-05
37844.25847170932,22.23042376881869,-88.83965770705345,280.4210037325514,-13844.83139105008,1.462369315280681e-06,7.21995012214422e-05,-0.05822477282271708,3.037613124483151e-10,0.707928503160252,0.02106015857729891,-0.7076151745881472,5.112026039166635e-05,1.520776159676111e-06,-5.109763460654448e-05
37931.49849736819,22.20133835785547,-88.88923368791167,267.6186207594742,-13802.63005438187,1.404201387573691e-06,7.242273433562339e-05,-0.0579137890103669,3.039892904680235e-10,0.70826494414671,0.02047310057115638,-0.7079689846738666,5.130179805112644e-05,1.48292934679583e-06,-5.128036080051477e-05
38018.93963205612,22.17221543166595,-88.93362062268213,256.1356697044316,-13760.39203146984,1.352253145790631e-06,7.264717730779019e-05,-0.05760377411589353,3.042210945801285e-10,0.7079038255651485,0.0199300075272569,-0.7076232196937405,5.143377992357489e-05,1.448043624024439e-06,-5.141339209670626e-05
38106.5823393773,22.14104470173708,-88.9722483702232,246.0438081097746,-13715.14222228091,1.307591423582093e-06,7.288865540181306e-05,-0.05728229995658118,3.045228012689089e-10,0.7080670969324594,0.01947299711025092,-0.7077992767316911,5.161600029936157e-05,1.419523981592459e-06,-5.159647699765341e-05
38194.42708400464,22.11750576908678,-88.96525289603235,247.0893432126719,-13680.28699904842,1.319841996328884e-06,7.30740430502312e-05,-0.05700531373400722,3.045965100777819e-10,0.7080209785297128,0.01957374974259633,-0.707750361610071,5.174401465004696e-05,1.430500541863186e-06,-5.17242372616939e-05
38282.47433168226,22.08366141446793,-88.9949274690064,239.140767107238,-13631.206503613,1.286623198637618e-06,7.333850570573687e-05,-0.056670158688279,3.049901647341789e-10,0.7080732430637871,0.01922425359884768,-0.7078122248283341,5.193462525981984e-05,1.410029846963099e-06,-5.191548051119811e-05
38370.72454922788,22.05624961029439,-88.99721820962574,237.8939480945784,-13591.11980120952,1.287478173231898e-06,7.355491904687043e-05,-0.05637354842600075,3.051861995226487e-10,0.7079888203770688,0.01920934605056568,-0.7077281757873025,5.20816202909865e-05,1.413092747016668e-06,-5.206244655241267e-05
38459.17820453535,22.02007101931325,-89.04577787490817,225.5101283941496,-13539.38840487848,1.229836827685819e-06,7.383809589056972e-05,-0.05602981373178138,3.056476665934975e-10,0.7081360750488798,0.01862911170807873,-0.7078909923022051,5.229223373732644e-05,1.375664788282923e-06,-5.227413562776012e-05
38547.83576657716,21.99149705657948,-89.03770575158272,226.7176788924309,-13497.68508096242,1.244068497996047e-06,7.406588179241093e-05,-0.05572876552502884,3.058868733947008e-10,0.7081905244055575,0.01874604024208743,-0.7079423739493637,5.245769754289968e-05,1.388572813752167e-06,-5.243931632890775e-05
38636.69770540691,21.96787792678335,-89.00606169134129,233.5688907739635,-13462.77641035207,1.288294138516925e-06,7.425653253799618e-05,-0.05545679472365064,3.059746865469382e-10,0.7080962858615598,0.01915027375144058,-0.7078372814893129,5.25862133099429e-05,1.422180006511066e-06,-5.256697855410654e-05
38725.76449216172,21.92712078673753,-89.02273459998261,228.6525990509145,-13404.29982095894,1.272217961253512e-06,7.458122523441746e-05,-0.05508892085586135,3.066027164255974e-10,0.7080264159990579,0.01895825126912536,-0.7077725556005176,5.281066341175999e-05,1.414068464149907e-06,-5.279172833284493e-05
38815.03659906482,21.90414052764849,-89.04168521395827,223.6715649623598,-13371.6413348886,1.250604071954709e-06,7.476421558074991e-05,-0.05482830887632614,3.066446645254766e-10,0.7079724222511697,0.01873858778000603,-0.7077243926813598,5.293589362036486e-05,1.401105266451117e-06,-5.291734817069832e-05
38904.51449942805,21.86830153731037,-89.04559209861685,221.9050285381903,-13320.34824014967,1.250303580169537e-06,7.505228341816444e-05,-0.05449237173121428,3.071174920916555e-10,0.70801109523296,0.01870724947186569,-0.7077639082280001,5.31426871744654e-05,1.40414961470474e-06,-5.312413353629981e-05
38994.19866765435,21.83537814986146,-88.97731601329424,236.9175414627403,-13271.874589386,1.344603717964667e-06,7.532330365692119e-05,-0.05416919739778213,3.075302649547818e-10,0.7080115203827246,0.01956658449398449,-0.7077410979771466,5.33357069356739e-05,1.473983948367293e-06,-5.331533555786786e-05
39084.08957924022,21.81729373188889,-89.02337219082597,225.8236335610169,-13247.10178993144,1.286475311429924e-06,7.546627929065381e-05,-0.05394373399013352,3.07396740572869e-10,0.7080002370971595,0.01901334260840251,-0.7077448894428625,5.343533368908143e-05,1.435005602526929e-06,-5.341606167983744e-05
39174.1877107783,21.7811160343973,-88.95633819928463,240.3654770157459,-13194.31655217491,1.380238656720411e-06,7.576506402009129e-05,-0.05360521360395883,3.079166919704446e-10,0.7079797475582424,0.0198567989986266,-0.707701229676875,5.364643609514239e-05,1.504628490020862e-06,-5.362533168957759e-05
39264.49353995997,21.7473921868684,-89.00101355053535,229.2595963813602,-13147.60194160082,1.325874437021324e-06,7.603637796475574e-05,-0.05329257173993091,3.083000426354074e-10,0.7077573209159911,0.01931495072620342,-0.7074937158651132,5.382086878662945e-05,1.468790781718525e-06,-5.380082314042344e-05
39355.00754557775,21.71995595027456,-88.96575808602732,236.6406837660077,-13108.19026844072,1.376773258013252e-06,7.626332689430429e-05,-0.05301061812261921,3.085157890356631e-10,0.7078617935563868,0.01976927932049117,-0.707585679880545,5.399005582555719e-05,1.507843061824086e-06,-5.396899607504007e-05
39445.73020752785,21.68403053385338,-88.91778468999433,246.6477208092201,-13056.72972185048,1.446283155297398e-06,7.656153561049785e-05,-0.05268106496988605,3.0901938043667e-10,0.7077945552415358,0.02037590948567228,-0.7075012047637764,5.419684801765498e-05,1.560212721952386e-06,-5.417438574927315e-05
39536.66200681279,21.6635844665823,-88.88434091568809,253.7003463798959,-13027.38635418195,1.494313768379589e-06,7.673226730997127e-05,-0.05244178007436966,3.090031014222645e-10,0.7079511829068215,0.02080963229160122,-0.7076452759561503,5.433032259535398e-05,1.596994344795375e-06,-5.430684636745098e-05
39627.80342554393,21.64373481866117,-88.81563325937027,268.7245553808613,-12998.16120987195,1.589856512432758e-06,7.690109011391656e-05,-0.05220379200536159,3.089855805393528e-10,0.7077988954918653,0.02166973645273145,-0.7074671009888541,5.443944305739727e-05,1.666699949944805e-06,-5.441392350930462e-05
39719.15494694403,21.62347274708706,-88.80965616606242,269.4918367704126,-12969.80154367093,1.601369269117526e-06,7.706890816244545e-05,-0.05197008922655697,3.089490049728438e-10,0.7076779330690952,0.0217560456134476,-0.7073434324514594,5.454902549777336e-05,1.676993207562403e-06,-5.452324161803402e-05
39810.71705534973,21.60090816064624,-88.75460489517029,281.2509852200214,-12937.22486398329,1.679602816080456e-06,7.725981580762683e-05,-0.05172032656763272,3.090146041854619e-10,0.7075189425753107,0.02244688440540345,-0.7071627758043945,5.467296765491715e-05,1.7345652691407e-06,-5.464544514891161e-05
39902.49023621421,21.58273646699604,-88.71111218785178,290.4875257860046,-12911.05518689089,1.741743600708117e-06,7.741381558230057e-05,-0.05149699282830766,3.089287976658768e-10,0.7076340567326259,0.02300371345861216,-0.7072600564254899,5.479176614755944e-05,1.781166517294943e-06,-5.476280748287571e-05
39994.47497610973,21.55726877017944,-88.74395314038591,282.3274806741752,-12876.57507118398,1.701937839537766e-06,7.762308615854595e-05,-0.05124134205779608,3.090436094621315e-10,0.707586128218146,0.02261312182040661,-0.7072246994896899,5.493544990963621e-05,1.755633655783688e-06,-5.490738936828839e-05
40086.67176273028,21.54399106166277,-88.76618414800618,276.9447975870567,-12858.73838209884,1.674152763206665e-06,7.7732070005667e-05,-0.05105267375525123,3.087605253379021e-10,0.707630178676683,0.02235647543487724,-0.7072769314632876,5.501552810502248e-05,1.738130085006874e-06,-5.498806449114309e-05
40179.081084894,21.51573345553316,-88.8017456283398,268.1632185264946,-12820.63384256586,1.630760759970384e-06,7.796515384655209e-05,-0.0507843184692132,3.089659604347649e-10,0.7076157387835819,0.02193345046547663,-0.707275729489506,5.517862927193156e-05,1.710331844751345e-06,-5.515211594590086e-05
40271.70343254591,21.48959126985641,-88.78439800220687,271.2774012155712,-12784.38008189888,1.659047289169835e-06,7.818524883956953e-05,-0.05052424186148082,3.091295045447505e-10,0.7076268225279148,0.02216438694125898,-0.7072796193249675,5.533560480214961e-05,1.733229602690831e-06,-5.530845391044699e-05
40364.53929676049,21.45741745199028,-88.81491362475379,263.5693087496236,-12741.05898466879,1.622923222386401e-06,7.845283884572696e-05,-0.05023722685714356,3.094671856332214e-10,0.7077331574882375,0.02180744916292213,-0.7073971001985214,5.55327025174767e-05,1.711134449779793e-06,-5.550633358265829e-05
40457.58916974426,21.42555080871609,-88.82649917582911,260.1077776408667,-12697.89813108764,1.612528749534577e-06,7.872015969976579e-05,-0.04995189520465221,3.0980490753489e-10,0.7075006031791924,0.02167380980224628,-0.7071685438900526,5.570337035109382e-05,1.706435653776979e-06,-5.567722645598142e-05
40550.85354483839,21.40773064227232,-88.82969339360176,258.9062081873934,-12673.74710759948,1.611206428818557e-06,7.887034830082208e-05,-0.04974222052911186,3.096813807690425e-10,0.7076468119607721,0.0216554175136594,-0.7073153846556381,5.582110209423691e-05,1.708238137290326e-06,-5.579495820843965e-05
40644.33291652127,21.37268026791208,-88.82867873168311,258.159685335406,-12626.25390575132,1.618668321829993e-06,7.916695898536138e-05,-0.04944184287538968,3.101313096871052e-10,0.7073850813139602,0.02167652264457765,-0.7070528846073659,5.601031381672501e-05,1.71633367433046e-06,-5.598401068668067e-05
40738.02778041126,21.34736191519135,-88.82776062687375,257.662291942393,-12592.05438748003,1.624336040848691e-06,7.938192125716112e-05,-0.04919451943653232,3.102583945090499e-10,0.7075788378811371,0.02171042888958976,-0.7072456921711511,5.617778687750437e-05,1.723686156062612e-06,-5.615133697864816e-05
40831.93863326922,21.32923300655536,-88.78747577051207,265.9840529240565,-12566.74972207685,1.683507877993399e-06,7.953943826823424e-05,-0.0489827425249316,3.101681258117996e-10,0.7075352465314344,0.02222299517172409,-0.7071861590627289,5.628660243036381e-05,1.767907535596045e-06,-5.625883144982146e-05
40926.0659730011,21.3032385735572,-88.7985394042114,262.8292078208294,-12532.07728394054,1.672771098275633e-06,7.976014863699248e-05,-0.04873524976147451,3.103109259159692e-10,0.7076219731282167,0.02210586015900935,-0.7072765992173791,5.644946472502122e-05,1.763461312183059e-06,-5.642191304751947e-05
41020.41029866068,21.28032635278465,-88.7831831754827,265.5303996365237,-12501.04663966938,1.698343774931332e-06,7.995722813535213e-05,-0.04850276611179268,3.103657263665299e-10,0.7073746150735757,0.02230437375965149,-0.7070228857411046,5.656947066644497e-05,1.783703557129757e-06,-5.654134251237815e-05
41114.97211045221,21.25575138052707,-88.78533705395523,264.3651723944625,-12468.26489129379,1.699796764004149e-06,8.01675807861128e-05,-0.04826431558551563,3.104660464202371e-10,0.7074439777855268,0.02229676594184953,-0.7070925228946657,5.672379692301015e-05,1.787784281215259e-06,-5.669561680347728e-05
41209.75190973302,21.22958654222688,-88.85678975862385,248.145300755281,-12434.97575913521,1.604143660100942e-06,8.038631989729965e-05,-0.04802474578418504,3.105812179049389e-10,0.70761066055266,0.02143681961572565,-0.7072858755075876,5.689049638567389e-05,1.723477862693993e-06,-5.686438431096549e-05
41304.75019901615,21.20402753174332,-88.83814151801775,251.4975469649404,-12400.62626845461,1.634812381374464e-06,8.060793278151972e-05,-0.0477819369092024,3.10725226142261e-10,0.7074270892156164,0.02167826395369619,-0.7070948588612659,5.703289474756528e-05,1.747705403467041e-06,-5.70061102787197e-05
41399.96748197304,21.17399588896081,-88.8660238047043,244.6856176985288,-12361.47875118844,1.600653990632916e-06,8.086478673868023e-05,-0.04752154571217328,3.109923492040359e-10,0.7073444055266411,0.02134856981580603,-0.7070221683912443,5.720736853994723e-05,1.726592437448225e-06,-5.718130720629155e-05
41495.40426343628,21.15152134743374,-88.87431290645708,242.3171362609436,-12331.99070846595,1.592759120355501e-06,8.105861176857388e-05,-0.04729914828532261,3.110190158480719e-10,0.707389676133091,0.0212645840359932,-0.707069990429134,5.734798120756832e-05,1.723916826647972e-06,-5.732206433266695e-05
41591.06104940221,21.12004278784493,-88.87394108384196,241.5829982196803,-12290.56828533945,1.598654735468512e-06,8.133177970202206e-05,-0.04703185364029969,3.113494963970292e-10,0.7071648113526048,0.02127938623955205,-0.7068445784871191,5.752294593266274e-05,1.73093027889317e-06,-5.74968972131684e-05
41686.93834703355,21.07228433919913,-88.92259990281059,229.9848969000485,-12229.07887794856,1.537298665114474e-06,8.174339657973412e-05,-0.04668892535795215,3.121953178353832e-10,0.7073828102610888,0.02070248046490704,-0.7070798028196504,5.783093063099016e-05,1.692497604251333e-06,-5.780615875065562e-05
41783.03666466218,21.05007628985327,-88.87189985516687,240.2181382241525,-12199.01175093413,1.613571179854535e-06,8.194207951793627e-05,-0.04646701570734151,3.122449922900257e-10,0.7071578610158076,0.02133842542202682,-0.7068358451556916,5.795403009815982e-05,1.748757692347618e-06,-5.79276397857868e-05
41879.35651179183,21.01780688258935,-88.8848013437624,236.658738933063,-12157.32685271052,1.600596342883436e-06,8.222376654001721e-05,-0.04620172859742751,3.125950083027527e-10,0.7072595886079085,0.02119940561650135,-0.7069418016211342,5.816134934497636e-05,1.743328836861813e-06,-5.81352161963379e-05
41975.89839910075,20.99464281050272,-88.79866750156759,254.2735970510066,-12125.42653938602,1.728686645281364e-06,8.24350745420576e-05,-0.04597451500602742,3.126965623361036e-10,0.7070877382668078,0.02227386024641523,-0.7067368284991188,5.829840766368908e-05,1.836449021266402e-06,-5.826947563788412e-05
42072.66283844442,20.95345220527701,-88.78299223781885,256.4551875445525,-12071.89507236927,1.758995095474858e-06,8.279966737539951e-05,-0.04566627457434545,3.1336080896043e-10,0.7070009943835236,0.02248162207328981,-0.7066434622412103,5.854938868953815e-05,1.86178695588412e-06,-5.851978011962722e-05
42169.65034285822,20.9393553888197,-88.73161445055962,266.8581700516982,-12052.60427630429,1.83614027472931e-06,8.292896606017245e-05,-0.0454884385359674,3.131404952174581e-10,0.7070113661167551,0.02313281302961658,-0.7066328217537147,5.864280438188915e-05,1.91874288634081e-06,-5.861140615536052e-05
42266.86142656028,20.91422875016256,-88.72099308798575,268.3676074878621,-12020.08915866785,1.856514239545982e-06,8.315260881359701e-05,-0.045261383065579,3.132654091353445e-10,0.7069659874359385,0.02327955752499457,-0.7065825992711058,5.879740530172031e-05,1.936129323570676e-06,-5.876551942642197e-05
42364.29660495411,20.90006579804293,-88.66411723449806,279.8527899734453,-12000.66244482316,1.942151436644557e-06,8.328344273470078e-05,-0.04508430214907718,3.130508674823812e-10,0.7069397804443964,0.02399734353106061,-0.7065323635037702,5.888905411129356e-05,1.999011656749002e-06,-5.885511572088736e-05
42461.9563946313,20.87221356329856,-88.61829061358374,288.5729639287593,-11964.0264635171,2.014875987109995e-06,8.353530179091973e-05,-0.04484329297629214,3.132872832570549e-10,0.7069486642506441,0.02458006912955325,-0.7065212198422326,5.906898911226031e-05,2.053783972180217e-06,-5.903327405912654e-05
42559.84131337431,20.84422133010921,-88.6287274110808,285.5439373602821,-11928.58278978731,2.005609870206197e-06,8.378424561185216e-05,-0.04460761263409518,3.134954792862107e-10,0.706896183611983,0.02446691699937082,-0.7064726352646168,5.924034788129056e-05,2.050412363551511e-06,-5.920485306320523e-05
42657.95188015926,20.82887125858599,-88.60374650878715,290.2582026088364,-11908.49504198228,2.045562747840051e-06,8.392380860135356e-05,-0.04443007146806625,3.133020607400937e-10,0.7068066999951405,0.02478919823007248,-0.7063718615638158,5.933212477171175e-05,2.080902462282076e-06,-5.929562272940929e-05
42756.28861515862,20.81199744577253,-88.62128567380844,286.1044927737282,-11887.46323582276,2.023460863542749e-06,8.407353687910827e-05,-0.04424959686827463,3.131345184717805e-10,0.7068158227605283,0.0245907212591073,-0.7063879272273836,5.943828981278239e-05,2.067908456259014e-06,-5.940230677747155e-05
42854.85203974396,20.79156760942498,-88.57761215456347,294.5041837529861,-11860.60486245708,2.09223330605744e-06,8.42607809742802e-05,-0.04404807862057648,3.131217921989863e-10,0.7068995519601587,0.02514961338258886,-0.7064520319938074,5.95788187954189e-05,2.119656540085844e-06,-5.954110097411225e-05
42953.64267648873,20.7739857072154,-88.64399325944639,280.2638101485213,-11839.8638994247,1.998160287536175e-06,8.441313147468621e-05,-0.04386991993487344,3.129488943233693e-10,0.7069912563701923,0.0243518037059111,-0.7065717417503844,5.969259213976825e-05,2.056068265890275e-06,-5.965717173693973e-05
43052.66104917105,20.75332242991788,-88.65750156525334,276.8671364135908,-11814.1033402505,1.98258320643379e-06,8.459813318712185e-05,-0.04367379156080162,3.129099449995401e-10,0.7068937182538864,0.02419944391487806,-0.7064793810303424,5.981481418147098e-05,2.047670256058895e-06,-5.977975444986667e-05
43151.90768277652,20.73115658875187,-88.6881505427027,269.9210293783356,-11786.89607640137,1.941825151930901e-06,8.479550969802607e-05,-0.04347299748739732,3.129108895560916e-10,0.7070990612808794,0.0238460543130013,-0.7066968573285169,5.997102508720409e-05,2.022449752436834e-06,-5.993691305872309e-05
43251.38310350088,20.70212229134678,-88.73224786661928,260.0603874422431,-11751.45401754462,1.882254547117158e-06,8.505419828567324e-05,-0.04324259390581089,3.131327745109601e-10,0.7068352024561066,0.02331108964339789,-0.7064507035390387,6.01304756223423e-05,1.983074559192765e-06,-6.009776629677499e-05
43351.08783875289,20.68276962194424,-88.79253962825214,247.2060364246139,-11728.5552449531,1.796292855257659e-06,8.52241324431764e-05,-0.04305907038604916,3.130225418907514e-10,0.7070013635173384,0.02259067893153689,-0.7066403535326778,6.026339055432206e-05,1.925584556959791e-06,-6.023261878099566e-05
43451.02241715714,20.64621797009814,-88.8040655741903,243.8996812379634,-11683.24327122424,1.786056384848592e-06,8.55553854535396e-05,-0.0427940659280376,3.13513835992031e-10,0.7070979943254133,0.02246932589151091,-0.7067409022923488,6.050562179437604e-05,1.92267627015878e-06,-6.047506580967268e-05
43551.18736855686,20.62319142754368,-88.86549173653474,230.8285067757127,-11655.94922845279,1.698336958157037e-06,8.575946547329243e-05,-0.04259589802770278,3.135252224064159e-10,0.7072217080325978,0.02173319837373057,-0.7068876943341093,6.065922110975839e-05,1.864081476290882e-06,-6.063057236982269e-05
43651.58322401661,20.59849066293352,-88.92849673594627,217.4588987290775,-11626.67906381419,1.608103204370885e-06,8.59790055407442e-05,-0.04239121030851832,3.135916188157935e-10,0.707087741896768,0.02096970426159971,-0.7067767301233477,6.080168184396217e-05,1.803161349474938e-06,-6.07749382904019e-05
43752.21051582521,20.56854273689175,-88.96659598518465,209.0722505221391,-11590.48969933334,1.555792008153311e-06,8.624956779186048e-05,-0.04216206922476232,3.138472635052199e-10,0.7072066134432806,0.02052102772326481,-0.7069088212203146,6.100250674943665e-05,1.770110896020683e-06,-6.097681967051785e-05
43853.06977749856,20.53071420449758,-88.9966084948106,202.1949360763723,-11544.57863852357,1.516634400481613e-06,8.659418204042773e-05,-0.04189847519356342,3.143706878033757e-10,0.7071929600203752,0.0201682441675922,-0.7069053151798877,6.124447540093503e-05,1.746614578525449e-06,-6.121956472117242e-05
43954.16154378246,20.49933565661934,-88.99811414024769,201.219470934196,-11506.15235984558,1.519416932608752e-06,8.688345438718909e-05,-0.04166297250861659,3.146951220519954e-10,0.7069635845221851,0.02016106694240757,-0.7066760511155027,6.142908952010445e-05,1.751824299214818e-06,-6.14041053260585e-05
44055.48635065534,20.46523327892693,-89.07323493933586,185.4810832233892,-11466.07361869345,1.410446250653586e-06,8.719099686153246e-05,-0.04142236178590029,3.150688050169945e-10,0.7069281514495895,0.01925153486238502,-0.7066659675669801,6.164206341545033e-05,1.678677430511852e-06,-6.161920174911948e-05
44157.04473533126,20.42994771603479,-89.07919030010099,183.6012516483046,-11423.28446921822,1.40663519063831e-06,8.751788880968015e-05,-0.04117286835018352,3.15521632039883e-10,0.7072509124280171,0.01920486495478098,-0.706990117535126,6.190129673485869e-05,1.680883012561375e-06,-6.187847097137348e-05
44258.83723626265,20.40001785432694,-89.10160065435008,178.5705784058372,-11387.47709487048,1.376727828335209e-06,8.779417500349823e-05,-0.04094940992958214,3.157858131642656e-10,0.7070059760661536,0.01893984087295392,-0.7067522427420813,6.207480508940718e-05,1.662909466698758e-06,-6.205252741825635e-05
44360.86439314325,20.35789927953845,-89.08612003518473,180.8324355836581,-11336.34295794872,1.406759595681638e-06,8.818942898468324e-05,-0.04067177326286304,3.164806453513983e-10,0.7071499048087507,0.01915279658984392,-0.7068904853326385,6.23672116365779e-05,1.689184301982164e-06,-6.23443320897388e-05
44463.12674691089,20.33187794113002,-89.12231359204901,173.2016427188982,-11305.79989259217,1.354713640666024e-06,8.842942302800644e-05,-0.04046890244035473,3.166057786295111e-10,0.7070795591800014,0.01872253779243397,-0.7068316416154529,6.253007792332843e-05,1.655714313734427e-06,-6.250815350983278e-05
44565.62483975033,20.29413197429248,-89.12095578107466,172.7756490370677,-11260.56978138767,1.362258639197789e-06,8.878455125174424e-05,-0.04021429855821386,3.171463849678921e-10,0.7070089240471151,0.01875560271773061,-0.7067601050207588,6.277492874873927e-05,1.665299523385845e-06,-6.275283624591564e-05
44668.3592150963,20.26618899383143,-89.08429530595696,179.4374929312723,-11226.47479745723,1.423362259452698e-06,8.905240634139853e-05,-0.0400003266049684,3.17377931929415e-10,0.7070069610408871,0.01922599091809171,-0.7067455017426626,6.296475315101657e-05,1.712231758594132e-06,-6.294146806178985e-05
44771.33041763626,20.22466726790117,-89.04586881213532,186.1338886052285,-11176.34612363838,1.489722314138193e-06,8.944987038995487e-05,-0.03973012896177641,3.180682273828024e-10,0.7069981804270682,0.01971800328920469,-0.7067231618345844,6.324566957717286e-05,1.763905983460013e-06,-6.322106734267021e-05
44874.53899331323,20.1952210652954,-89.05459370513252,183.8592807766069,-11141.66978467238,1.480698862915557e-06,8.972871922190202e-05,-0.03951576685372646,3.183243411629466e-10,0.7068326524388288,0.01962410034634844,-0.7065601837347661,6.342779772278091e-05,1.760973354817483e-06,-6.340334767822307e-05
44977.9854893288,20.16586873607665,-89.02089419940489,189.8105941954367,-11106.34552210528,1.538336195547349e-06,9.001232723247292e-05,-0.03929988794071201,3.186023327097043e-10,0.7067167781469225,0.02005473330847072,-0.7064321709734719,6.361845466335087e-05,1.805321709095316e-06,-6.359283440199453e-05
45081.67045414601,20.13210278211018,-89.05557613033602,182.4434201082291,-11067.37300694233,1.48909054954757e-06,9.03311313895521e-05,-0.03907191333755673,3.189889097787681e-10,0.7068231233250802,0.01964846120797646,-0.7065499739149242,6.385271686489158e-05,1.774995170562227e-06,-6.382804119799143e-05
45185.59443749224,20.0980280939586,-89.02804395226651,187.0766042113329,-11026.90980003135,1.538108068273252e-06,9.066114388301561e-05,-0.03883952891515514,3.194230921914845e-10,0.7067441648119368,0.02000417390920382,-0.7064610021239194,6.407933114258493e-05,1.813745550347527e-06,-6.405365724733951e-05
45289.75799036209,20.06722799209522,-88.99859531832671,192.1071378099583,-10990.3694414173,1.589960174575578e-06,9.096096019613979e-05,-0.03862179222463299,3.197480025611772e-10,0.7067098614274362,0.02038475907884706,-0.7064158051998012,6.428867089380684e-05,1.854380615295971e-06,-6.426192090052881e-05
45394.16166502032,20.04388434064044,-88.98290027626751,194.6307769590291,-10962.88832519294,1.618917330301264e-06,9.118809561937016e-05,-0.03843661395036593,3.198122843750965e-10,0.7065343275599293,0.02059166611738035,-0.7062341957927779,6.443348758075801e-05,1.877888746925466e-06,-6.44061166014057e-05
45498.80601500485,20.01428925226376,-88.96001879409113,198.3787171716705,-10928.09648429025,1.660592012179352e-06,9.147709990701134e-05,-0.03822651024043077,3.200925828939072e-10,0.7065079635787228,0.02089147750195377,-0.7061990149865258,6.463573006881777e-05,1.911281924856325e-06,-6.460746553559265e-05
45603.69159512962,19.97732414472188,-88.93594522537971,202.1695947558679,-10884.90281785944,1.705756109678101e-06,9.183868379039331e-05,-0.03798784764876898,3.20623666133897e-10,0.706609702941013,0.02120984293865525,-0.7062913101921219,6.490104311981479e-05,1.948092313757933e-06,-6.487179922259853e-05
45708.81896148752,19.95026575186277,-88.9635083897859,196.378396870246,-10854.33379670961,1.666269448434958e-06,9.209895322917041e-05,-0.03779403880838175,3.207871466638282e-10,0.7066675319815434,0.02089041641772805,-0.706358684563855,6.508970451530674e-05,1.924173632286173e-06,-6.506125720982309e-05
45814.18867145335,19.9205499168865,-88.93261119360855,201.5865194837115,-10819.60059865396,1.721425748310465e-06,9.239278055228881e-05,-0.03758645449130862,3.210767825825001e-10,0.7064921030381808,0.02128472227424332,-0.706171404301406,6.528177965888995e-05,1.966765861405144e-06,-6.525214622890399e-05
45919.80128368686,19.88789997495158,-88.93582894589181,200.2867118863452,-10782.34898698557,1.722168107085606e-06,9.271217930518785e-05,-0.03737089646401148,3.214450536778896e-10,0.7064171973001546,0.0212615320167065,-0.7060971632131856,6.550042273505232e-05,1.971411993382427e-06,-6.547074853110285e-05
46025.6573581356,19.8507884000095,-88.94341074707715,198.0831941958247,-10740.26111904592,1.716604520551598e-06,9.307594651685709e-05,-0.03713940756767267,3.219625003944698e-10,0.7066409778452374,0.02119357179278616,-0.7063230876056207,6.577807090674825e-05,1.972815491685887e-06,-6.574847991588067e-05
46131.75745603795,19.82476326728777,-88.93167352761715,199.728925611914,-10710.48837729487,1.740489545485218e-06,9.33339674792236e-05,-0.03695127309639622,3.221149319147879e-10,0.7063790554535283,0.02134916106536427,-0.7060563598645819,6.593619932173902e-05,1.992814663019661e-06,-6.590607764626075e-05
46238.10213992604,19.79091011314818,-88.91867001153039,201.4331075307261,-10671.94727300041,1.768026679343879e-06,9.367023986529997e-05,-0.03673362621532557,3.225347115782629e-10,0.7064472328412806,0.02153033041501606,-0.7061190676233879,6.618040863633355e-05,2.01697451515275e-06,-6.614966591810814e-05
46344.6919736288,19.74681341170942,-88.84593243312905,213.9560776434292,-10620.80134202853,1.895980412201679e-06,9.411665949462135e-05,-0.03647349806840288,3.233425403472965e-10,0.7062092671038939,0.0224380715592379,-0.7058527196859989,6.647504221620345e-05,2.112081819978583e-06,-6.644148062793113e-05
46451.52752227495,19.71956039703986,-88.83671376184319,215.0412799449937,-10590.05456615001,1.916665845643884e-06,9.438930002479896e-05,-0.03628426494709872,3.23535494873177e-10,0.706447824520919,0.02257819578481923,-0.7060869307992051,6.669032601151265e-05,2.131434460375733e-06,-6.665625680056572e-05
46558.60935229591,19.68290458815029,-88.7504337930437,230.0627563216218,-10547.28828495722,2.067083896853724e-06,9.476601131749536e-05,-0.03605462212293079,3.241002119652125e-10,0.7061380883424367,0.0236500511336796,-0.7057419322169297,6.69292345755588e-05,2.241600964714419e-06,-6.68916860752154e-05
46665.93803142887,19.66167641938582,-88.66526652463925,245.1552836003585,-10521.81753838589,2.213217118796422e-06,9.498904675768545e-05,-0.03588483039636519,3.24137565044432e-10,0.706153066857131,0.02471861318644638,-0.7057203015316128,6.709040637789139e-05,2.34847355568041e-06,-6.704929007759053e-05
46773.51412871981,19.63939163489934,-88.61721787285116,253.3612627863813,-10496.02265425188,2.298464046209504e-06,9.521870247125699e-05,-0.03571452603778146,3.241868333330216e-10,0.7058778462910109,0.02531961278556634,-0.7054235969209033,6.722771581106698e-05,2.411436683752444e-06,-6.718445315914865e-05
46881.33821452653,19.6228386618113,-88.55630084219253,264.0313539470553,-10476.33811939549,2.404145373249765e-06,9.539260940727268e-05,-0.03556555893464659,3.240489547925066e-10,0.7058785916639805,0.02608872823840916,-0.7053963172773352,6.735231646665377e-05,2.489289661531923e-06,-6.73062996338773e-05
46989.41086052156,19.60144050689424,-88.53422981032958,267.4516469269884,-10452.18928560914,2.446507113483345e-06,9.561113469493004e-05,-0.03540196738951787,3.240506266197796e-10,0.7058528301139507,0.02637862857889706,-0.7053597562479521,6.750478216546816e-05,2.522740577174948e-06,-6.745762666435562e-05
47097.73263969529,19.5802795958224,-88.59200537399141,256.3626420910281,-10430.11122933402,2.355128278925616e-06,9.581836771608087e-05,-0.03524593788507976,3.239896910873155e-10,0.7057850556008893,0.02568406448871679,-0.7053175692841416,6.764286747687535e-05,2.46157630668257e-06,-6.75980633049535e-05
47206.30412635905,19.56222703750525,-88.59256690257193,255.7723203879378,-10410.24742531487,2.358681807696963e-06,9.600124508575367e-05,-0.03509790412978741,3.238613187124712e-10,0.705795855564699,0.02569676943673709,-0.705327913649262,6.777296840665311e-05,2.467493014386775e-06,-6.772803499934981e-05
47315.12589614805,19.53049783830741,-88.66077399690188,242.5931956872547,-10376.91534796263,2.251670167903109e-06,9.631511163233723e-05,-0.03490506133914485,3.241543527928925e-10,0.7058872321739132,0.02487959228613891,-0.7054486447884237,6.800138560941834e-05,2.396766327171665e-06,-6.795913445574292e-05
47424.19852602448,19.50009611709235,-88.69264457478496,236.0750616299389,-10344.36152739491,2.205040638666906e-06,9.662069932962172e-05,-0.03471553176193531,3.244265896119711e-10,0.7057523170237818,0.02450181810540219,-0.7053268702480904,6.820320296398751e-05,2.367831366500688e-06,-6.81620882101384e-05
47533.52259428053,19.4735373631896,-88.74355983042001,226.2670323887899,-10316.50226726375,2.124943875773776e-06,9.688547235887328e-05,-0.03454240800262794,3.245545139087105e-10,0.7058223962884145,0.02389675858103051,-0.7054177485941501,6.839551105367475e-05,2.315640626127149e-06,-6.835629993485585e-05
47643.09868054156,19.43724013664489,-88.7483226827421,224.5501429631331,-10277.19248264139,2.124990898815097e-06,9.725640875930964e-05,-0.03433164571613571,3.250466100500181e-10,0.7057791978408948,0.0238560636200951,-0.7053759028585332,6.865302105545085e-05,2.320542802934487e-06,-6.86137914791183e-05
47752.92736576909,19.40277845545931,-88.7777614006546,218.4854138391603,-10240.54812024267,2.082468299976269e-06,9.760659286155344e-05,-0.03413055373177725,3.254594820761216e-10,0.7057927488884033,0.02351353670265516,-0.7054009625561773,6.890075075117231e-05,2.295433516680047e-06,-6.886250386854717e-05
47863.00923226385,19.36672858215184,-88.77518230890229,218.1152360513444,-10201.66418660008,2.094814045902844e-06,9.797843477859205e-05,-0.03392275807778679,3.259485910592511e-10,0.7057363486426687,0.02356290012302479,-0.705342883662463,6.91577516176066e-05,2.309016954040587e-06,-6.911919450853374e-05
47973.34486366891,19.33429722591896,-88.80472287581794,212.1400652861838,-10167.4890708035,2.051191696091897e-06,9.830990258253456e-05,-0.03373135955080538,3.262919935931696e-10,0.7058682695817865,0.02322311395178031,-0.7054861451373572,6.94039092602767e-05,2.283393322673892e-06,-6.93663371927817e-05
48083.93484497285,19.29679396927464,-88.79840276682992,212.4187061192339,-10127.27948001416,2.070218304759124e-06,9.869977903531909e-05,-0.03352068824055247,3.268340807001499e-10,0.7057826587783943,0.023317691378771,-0.7053973679431075,6.967083705959746e-05,2.301789448140046e-06,-6.963280334670872e-05
48194.77976251274,19.2610643435561,-88.77816325452841,215.1776491710363,-10088.82918256996,2.113090543608199e-06,9.907446067886771e-05,-0.03331661732511379,3.273251403261634e-10,0.7057072749286309,0.02358397819615894,-0.7053130892445123,6.992834900795312e-05,2.33693022147709e-06,-6.988928925177338e-05
48305.88020397729,19.22892054316063,-88.82392650942448,206.4361388976529,-10055.71368507873,2.040689521221774e-06,9.940405616538038e-05,-0.03313088453287986,3.276477820245716e-10,0.7058914310010328,0.02304630812627146,-0.7055151168064614,7.017809465605053e-05,2.291210690664437e-06,-7.01406823685411e-05
48417.23675840994,19.18954426507007,-88.81468236412428,207.1951066126963,-10013.94998226218,2.065298243584917e-06,9.98179621508782e-05,-0.03291740186464049,3.282575424716641e-10,0.7058510511981753,0.02317853282843318,-0.7054703835693531,7.046648662883064e-05,2.313958123117011e-06,-7.042848383726308e-05
48528.8500162121,19.15583379405604,-88.82818507815612,204.1149169550843,-9978.78795382432,2.04897889311717e-06,0.0001001706597503461,-0.03272637675086958,3.286565844444619e-10,0.7054322216245537,0.02301837682846476,-0.7050565747756248,7.067314642486894e-05,2.306077134263238e-06,-7.063551255453445e-05
48640.72056914616,19.11576918507556,-88.81561748402684,205.4320562408858,-9936.581361600303,2.07973805009496e-06,0.0001005952368083809,-0.0325130060292864,3.292934852538881e-10,0.7055487824235904,0.02319666048688528,-0.7051673555416949,7.098472009770623e-05,2.333798162342372e-06,-7.094634503261706e-05
48752.84901033863,19.07317556921842,-88.8181365697094,204.080520305442,-9892.254668621248,2.084616519289993e-06,0.0001010461824791884,-0.03229352254882745,3.300082850462349e-10,0.7055400959551585,0.02318522102923706,-0.7051590405903052,7.130196138709831e-05,2.343101042811703e-06,-7.126345188910255e-05
48865.23593428337,19.04097961068241,-88.84088389582335,199.4851029595349,-9859.318772884993,2.051345896182355e-06,0.000101385380681854,-0.03211197670944754,3.303491723935045e-10,0.7055200095781075,0.02292450268860611,-0.7051474676204779,7.153867052605973e-05,2.324510180504529e-06,-7.150089533045623e-05
48977.88193684462,18.99958318526337,-88.83491045040455,199.6410542193754,-9816.424131274811,2.070921483814473e-06,0.0001018279717424918,-0.03189873392225347,3.310295908641045e-10,0.7055933085703883,0.02302035061998119,-0.7052176830997932,7.185855964565512e-05,2.344423080543986e-06,-7.182030544886027e-05
49090.78761526029,18.96778803467407,-88.80575466280438,203.9435962167811,-9783.094564232155,2.129947389732432e-06,0.0001021727434307018,-0.03171731264195451,3.313934193566654e-10,0.7053327224735833,0.02339055444567694,-0.704944771847214,7.207596195714597e-05,2.390214800287115e-06,-7.203631837661085e-05
49203.95356814509,18.92828118826883,-88.76936214364082,209.2742347085792,-9741.84762152162,2.204107274308218e-06,0.0001026025838187799,-0.03151094762468372,3.320311269326202e-10,0.7053238162190065,0.02385803417809665,-0.7049201940155352,7.237921895871217e-05,2.448273884976412e-06,-7.233779988399801e-05
49317.38039549359,18.89049363688354,-88.76222310183104,209.652387434257,-9703.144581044971,2.22572808205875e-06,0.0001030112828315883,-0.03131357365748803,3.325888067918232e-10,0.7054191010980803,0.02396917681707023,-0.7050117635591165,7.267751504553059e-05,2.469482618261845e-06,-7.263554810691132e-05
49431.06869868354,18.84891560371575,-88.76012220045446,209.0934853706229,-9660.874746213949,2.239258381294186e-06,0.0001034618305192417,-0.03110545676898463,3.33275723694206e-10,0.7052291487700629,0.02400868242349042,-0.7048203568592748,7.297576595122638e-05,2.48437262184863e-06,-7.293346494472877e-05
49545.019080479,18.8213901754432,-88.74119407944372,211.6657218041213,-9632.621649984852,2.280089416393904e-06,0.0001037637955218009,-0.03094315793962706,3.334844816113377e-10,0.7052508684126138,0.02426243327876216,-0.7048333999805482,7.319150930985218e-05,2.517975079136289e-06,-7.314818409608695e-05
49659.2321450336,18.78045448730396,-88.76106716715903,207.4399939217542,-9591.790080365021,2.253668733073465e-06,0.0001042070865393326,-0.03074112785174375,3.341338433226235e-10,0.7053177972745807,0.02404045022537323,-0.7049079740684083,7.351058546701418e-05,2.505576320045439e-06,-7.346787231850139e-05
49773.70849789361,18.74516640448958,-88.68042066856979,220.0928151697177,-9554.681101967948,2.409589656951914e-06,0.0001046052354822329,-0.03055176664421681,3.346600989029541e-10,0.7049495826246857,0.02503979484180535,-0.7045047357661968,7.375521941383428e-05,2.619783893989469e-06,-7.370867739372096e-05
49888.44874600122,18.70256900906469,-88.71968874343744,212.6087326057572,-9512.964446032915,2.348185910898129e-06,0.0001050672228241505,-0.0303484143744788,3.353545924137627e-10,0.7049874919134166,0.0245785665021318,-0.7045589101154494,7.408376304541089e-05,2.582843976136015e-06,-7.403872543448817e-05
50003.45349769783,18.67024998507006,-88.68154461464098,218.1866587426114,-9480.008345943184,2.426502609354909e-06,0.000105429292151514,-0.03017371967875669,3.357464365411208e-10,0.7047464779393857,0.02505938513433805,-0.704300806037206,7.431474210566065e-05,2.64248464076032e-06,-7.426774649303827e-05
50118.72336272722,18.62774814867539,-88.69351463824573,215.2509279375678,-9438.170892457751,2.415146762634329e-06,0.0001058976520775804,-0.02997146476396117,3.364591124812555e-10,0.7048717509506267,0.02493705720976276,-0.7044304993865039,7.4657762589858e-05,2.641253383108812e-06,-7.461102663473956e-05
50234.25895223871,18.59220710729621,-88.68466948402275,215.8997456580112,-9402.937821294585,2.440597159912496e-06,0.0001062937025309729,-0.02979090495328341,3.369431001272311e-10,0.7047405296288783,0.02506156950340055,-0.7042947762376335,7.492326463487411e-05,2.664377207108236e-06,-7.487587513776129e-05
50350.06087879047,18.55491721535164,-88.67506347750586,216.6254517536184,-9366.117901760361,2.468072903615871e-06,0.0001067107379039553,-0.02960600117714221,3.374896908864501e-10,0.7048832740574479,0.02520522718645013,-0.7044324854579228,7.523271866498051e-05,2.690172735820337e-06,-7.518460566083696e-05
50466.12975635282,18.51638533212171,-88.63882384115533,221.6394052504472,-9327.678299675055,2.545978433463773e-06,0.000107147317772424,-0.02941668235966543,3.381010910700571e-10,0.704725571328892,0.02566555800874672,-0.704258056408965,7.552470572101414e-05,2.750551128889829e-06,-7.547460263382079e-05
50582.4662003114,18.47408175233841,-88.63615423821282,221.0928176498368,-9286.455290722708,2.562291823303667e-06,0.0001076227111844917,-0.02921931994117171,3.388208748291095e-10,0.7047935509012969,0.02572142035530486,-0.7043240432691225,7.586716887410632e-05,2.768770144508709e-06,-7.581662894681511e-05
50699.07082747044,18.42801662372993,-88.61336618452998,223.6971448300866,-9241.372699036257,2.617779589260003e-06,0.0001081456665289901,-0.0290105937249086,3.39690691570374e-10,0.7045014810353929,0.02601137976198785,-0.7040211253250429,7.620492590779583e-05,2.81361405317222e-06,-7.615296651196487e-05
50815.94425605605,18.38464737158112,-88.61161724647012,222.9659626918014,-9199.558325073058,2.632992248636764e-06,0.0001086370559361159,-0.02881290908065891,3.404498557240537e-10,0.7044637577008145,0.02605213041480973,-0.7039818693793197,7.65471127792153e-05,2.830827481473089e-06,-7.649475073888431e-05
50933.08710571953,18.3432430062076,-88.63834795437423,217.741482001751,-9160.430657965071,2.593367614085788e-06,0.0001091035294747105,-0.02862437568411137,3.411176884539007e-10,0.7047807556576786,0.02575597977778787,-0.704309976538097,7.690949900838166e-05,2.810632221833557e-06,-7.685812503719987e-05
51050.49999754062,18.29245994975757,-88.62019512347661,219.4697916909442,-9111.622968827762,2.641991261638436e-06,0.0001096862947629996,-0.02840637868676019,3.421561818397069e-10,0.7045232231593191,0.02599038138486707,-0.7040436577700739,7.729260653269419e-05,2.85138126889099e-06,-7.723999384695274e-05
51168.18355403079,18.25442765777603,-88.58135503707237,224.7359422726805,-9074.708536184555,2.727350095399417e-06,0.0001101288336062189,-0.02822622614943726,3.427578788078145e-10,0.7044001994567479,0.02648381126096943,-0.7039021584963351,7.759215431327034e-05,2.917284764753741e-06,-7.753729335342892e-05
51286.13839913649,18.20287182445334,-88.5569881976853,227.3587599483599,-9025.527695811596,2.789272746509541e-06,0.0001107265822109175,-0.02800868600443128,3.43832977717793e-10,0.7043739157048656,0.0268030082245184,-0.703863773663286,7.801119090017961e-05,2.968500883809127e-06,-7.795469138010291e-05
51404.3651582426,18.15826296666616,-88.47447927299626,239.2023712517431,-8981.882266723813,2.962939968375106e-06,0.0001112563300273791,-0.02780913559807504,3.447091198589414e-10,0.7041790279931044,0.02782976763156542,-0.7036288847815205,7.836562535287567e-05,3.097077670842249e-06,-7.830440183570806e-05
51522.86445817565,18.11402172593445,-88.48705582080665,236.1451350195484,-8940.828694582357,2.952028864056017e-06,0.0001117684866673307,-0.02761836122748494,3.454954702166692e-10,0.7041439502095383,0.02769487071044999,-0.7035991022969147,7.872196294194211e-05,3.09623420765192e-06,-7.866104997496457e-05
51641.63692720711,18.05971589257051,-88.43943951261782,242.1789680787054,-8889.371119688112,3.062472006841475e-06,0.0001124104641639343,-0.02739625307909879,3.466962098041323e-10,0.7039781190517027,0.02829390804625983,-0.7034093025195524,7.915721549480799e-05,3.181444019062732e-06,-7.909325621596977e-05
51760.68319505676,18.01033753111947,-88.39970003627118,247.051537876846,-8842.923036854756,3.156872401835682e-06,0.000112996583330397,-0.02719042380860687,3.47715688883275e-10,0.7037921962486192,0.02879518894135016,-0.7032028815315583,7.955042573843059e-05,3.25475268369381e-06,-7.948381483128214e-05
51880.0038928961,17.964410428317,-88.35919852989987,252.0741833351184,-8799.869271260806,3.252518042702233e-06,0.0001135448826988591,-0.02699580932906229,3.486132673231868e-10,0.7036281237638279,0.02930649426144732,-0.7030175431278429,7.991936437104476e-05,3.328685017292862e-06,-7.985001350987656e-05
51999.59965335159,17.91270398588135,-88.33268857513323,254.7580273960903,-8752.077821054356,3.323056439560615e-06,0.0001141618533478904,-0.02678744561172722,3.49710732620427e-10,0.7035631316531967,0.02965013466430575,-0.7029380838566381,8.034724351281868e-05,3.386059449225286e-06,-8.027586275783336e-05
52119.47111050806,17.86090414898534,-88.23097280844731,268.7883287453336,-8702.829952138392,3.545482436259101e-06,0.0001147956493687302,-0.02657545013905124,3.5088082372395e-10,0.7034122411200689,0.03091251577105663,-0.7027326641947578,8.07802523005819e-05,3.550010473595704e-06,-8.070220930918203e-05
52239.61889991197,17.81656882596837,-88.1570851541488,278.6820141017989,-8661.168686664996,3.711133311100697e-06,0.0001153384502754577,-0.02638740171662692,3.517577174996297e-10,0.7034230640197046,0.03184040581806113,-0.7027020674170601,8.11667314519143e-05,3.674007578861734e-06,-8.108353694121662e-05
52360.04365857501,17.75953554491604,-88.13063158850099,280.9952974375063,-8609.39521342588,3.786965734535283e-06,0.000116028577579904,-0.02616934038831783,3.530591628631099e-10,0.7030048174435005,0.0321669466002128,-0.7022685105393723,8.16050314816008e-05,3.733949789310376e-06,-8.151956073289384e-05
52480.74602497726,17.70444474493343,-88.03162441140051,294.1246193994853,-8558.056233002399,4.011145664134158e-06,0.0001167111077695931,-0.02595346019076198,3.543602470871935e-10,0.7029701218018414,0.03340004768628924,-0.702176209338261,8.208573569778086e-05,3.900119509549879e-06,-8.199303063588493e-05
52601.72663907063,17.65753877452141,-87.98520378150839,299.5668314594844,-8515.421866373201,4.126142711796894e-06,0.0001172888390234341,-0.02576477178867855,3.553153445623672e-10,0.7026822535868498,0.03397634016349859,-0.7018603549246731,8.246057741402944e-05,3.987162923207778e-06,-8.23641266528028e-05
52722.98614228227,17.60085410379251,-87.84739358490383,318.0803229721919,-8462.338657776061,4.435502672632736e-06,0.0001180039223506778,-0.02554527211087884,3.56721865148982e-10,0.7024039971487697,0.03567161504816595,-0.7014976201602,8.293769224245277e-05,4.211994012940415e-06,-8.283067005004104e-05
52844.52517751802,17.54694394708272,-87.76919103377098,327.7384583705437,-8413.333924855951,4.623092966097935e-06,0.0001186788547270793,-0.02533892919891786,3.579744291926569e-10,0.7025360622492683,0.03665734247704072,-0.7015790461546216,8.343206800030867e-05,4.353367826362069e-06,-8.331841428745824e-05
52966.34438916578,17.49888861043594,-87.68388337213517,338.5127484835095,-8369.520705976573,4.824629674699684e-06,0.0001192860184497161,-0.02514899993624274,3.590207447707728e-10,0.7019220163436497,0.03769036354418315,-0.7009093761135188,8.379053081706169e-05,4.499211443040111e-06,-8.366964892358388e-05
53088.44442309884,17.43785218476748,-87.53109692369299,358.4394785933445,-8313.148032564019,5.177000004796095e-06,0.000120068156480277,-0.02492215804050862,3.606239928225902e-10,0.7017572631643841,0.03957148117067066,-0.7006406741561083,8.432949565923269e-05,4.755266849058303e-06,-8.419531623157425e-05
53210.82592667943,17.37643426800078,-87.42530369698889,371.3340794635342,-8257.887581853303,5.434374928648978e-06,0.0001208519759437601,-0.02469955324429877,3.622022679107954e-10,0.7014990138040452,0.0408715802955899,-0.7003073470214268,8.485563814672452e-05,4.943961373858988e-06,-8.471149019596834e-05
53333.48954876208,17.33291550506478,-87.24738518028465,395.0407002275432,-8216.459638940696,5.83807445992779e-06,0.0001214262306174971,-0.02451911879977136,3.631912737875499e-10,0.7010860963431705,0.04304222867324444,-0.6997635893904066,8.522093871896271e-05,5.232023785984007e-06,-8.506018059729297e-05
53456.43593969716,17.28329002194813,-87.14784899823026,407.1286560694222,-8171.89646796714,6.081480763443745e-06,0.0001220676325036719,-0.02433004921576406,3.643319647526171e-10,0.7011223458108624,0.0442817006180273,-0.6997225698701607,8.568277582391679e-05,5.411579091475375e-06,-8.551171197343838e-05
53579.66575133417,17.22900158680629,-87.01009453297621,424.25722190188,-8122.69139944886,6.412777260934884e-06,0.0001227769570320334,-0.02412793117135338,3.656959730155648e-10,0.7006853066487018,0.04595686991873108,-0.6991765621505472,8.613748189936119e-05,5.649624750531124e-06,-8.595200712107288e-05
53703.17963702527,17.17417242212915,-86.92076714735606,434.3634008184641,-8074.486665407358,6.643063619314842e-06,0.0001234895217012729,-0.02392957874030939,3.670330815423765e-10,0.7005025385431602,0.04705626870425683,-0.6989202487273097,8.662192500936012e-05,5.818829132864439e-06,-8.642626406278207e-05
53826.97825162881,17.11025657337896,-86.80189770666273,448.0248309299582,-8018.276182901617,6.946823718090577e-06,0.0001243269285989415,-0.02370833977748306,3.687560213459623e-10,0.7001577497420944,0.04850402250062139,-0.698475650488385,8.717628122029874e-05,6.039210888385388e-06,-8.696684390758478e-05
53951.06225151276,17.03718797640108,-86.6436586051307,466.4669394533351,-7953.901526946134,7.348002647616257e-06,0.00012529353001388,-0.02346390769802046,3.708855572881051e-10,0.6997811716177875,0.05042749616466469,-0.6979618584001035,8.782064642932742e-05,6.328514527984643e-06,-8.759232753577236e-05
54075.4322945581,16.96728528837536,-86.43270256524553,491.9514039644351,-7891.214243972867,7.869550539249331e-06,0.0001262326091734828,-0.02322544084500728,3.729720581846819e-10,0.69942610759011,0.05299184227623654,-0.6974157616736394,8.845363325573611e-05,6.701667168814044e-06,-8.819939281706368e-05
54200.08904016238,16.89803947787677,-86.14008772011871,528.1093695139023,-7827.28887660276,8.580816646856395e-06,0.0001271792067501631,-0.02298431123971831,3.751532985079084e-10,0.6989720850664061,0.0565379931685577,-0.6966817286469851,8.908857175961657e-05,7.206137654357444e-06,-8.879665082802843e-05
54325.0331492433,16.82490089741153,-85.89806380190726,556.6425676544219,-7761.886209650791,9.192084540053951e-06,0.0001281754547267819,-0.02273983992957667,3.774442902482679e-10,0.6983459879268517,0.05944888840557475,-0.6958110005747767,8.97323506106054e-05,7.638747254288727e-06,-8.94066232808829e-05
54450.26528424212,16.76515806629299,-85.62990819310247,588.9610320956576,-7706.821840303394,9.858411991935447e-06,0.0001290017857035692,-0.02252658981567596,3.792667867227914e-10,0.6977203015481246,0.0626704240017659,-0.6949000195336339,9.026117426480259e-05,8.107412167198194e-06,-8.989632610742348e-05
54575.7861091271,16.70504957552592,-85.24263508713379,636.5165574644443,-7648.322946017463,1.080636629597532e-05,0.0001298482786273704,-0.02230418451120164,3.812886820774204e-10,0.6970594228209505,0.06732397110501949,-0.6938006355273301,9.081634572605993e-05,8.771299598506705e-06,-9.039177481601122e-05
54701.59628939716,16.64270132679516,-84.93113381530469,673.2592579038645,-7590.30175277029,1.159473248475025e-05,0.0001307186158507592,-0.02208407296052936,3.833196562446139e-10,0.6963849804130946,0.07104804979036339,-0.6927511931176533,9.137926022418403e-05,9.322886640035181e-06,-9.090243662199708e-05
54827.69649208536,16.58831480563587,-84.52043665361235,722.8963005187217,-7535.737875220098,1.261380656617585e-05,0.0001314909757087207,-0.02187489187803516,3.852071575668443e-10,0.6957037410926054,0.07595936710330158,-0.6915445538210193,9.189000489150794e-05,1.00328720436608e-05,-9.134065073950855e-05
54954.08738576245,16.53397665972343,-84.10667953471975,772.2123317714523,-7481.073844901081,1.365230567481215e-05,0.0001322614295373099,-0.02166626612672987,3.871294316841147e-10,0.6948088986827258,0.0808690518415784,-0.6900866627771808,9.237589753891494e-05,1.075166317119676e-05,-9.174806910869156e-05
55080.76964054035,16.47905275758129,-83.66127949511159,824.7987880573104,-7424.926186985405,1.477873893229454e-05,0.000133039775637243,-0.02145419739889446,3.8915981750442e-10,0.6939397703636072,0.08614511103873278,-0.6885720185546463,9.288058296492857e-05,1.153011900249436e-05,-9.216213456563003e-05
55207.74392807573,16.42552075758021,-83.16193531581462,883.5481005273135,-7368.019488394324,1.604456652267971e-05,0.0001337976718544128,-0.0212408013611841,3.912635272138314e-10,0.6928174775867061,0.09201567351132052,-0.6866798184582564,9.335251261390708e-05,1.239849541911662e-05,-9.252550417410231e-05
55335.01092157365,16.38611267919747,-82.58498813374301,952.5284967296863,-7319.048606134577,1.748535667857162e-05,0.0001343541698389558,-0.02105109848170312,3.92975522722094e-10,0.6917974599989742,0.0988017313139701,-0.6847057350062101,9.372065412321659e-05,1.338507789153389e-05,-9.275990889991842e-05
55462.57129579107,16.35153532250148,-81.97554051025644,1025.196215803466,-7272.123080954909,1.90080650983901e-05,0.000134831739325104,-0.02086802519367632,3.946016627409743e-10,0.6908313987868767,0.1059528544056926,-0.6826580507055628,9.405793109481977e-05,1.442567071573501e-05,-9.294511512844044e-05
55590.42572704037,16.31499997403562,-81.33084990549017,1101.124879089846,-7221.887643323061,2.063262722406062e-05,0.0001353220860125313,-0.02067620641246595,3.964326395906803e-10,0.6896481193240903,0.1134544439712909,-0.6802518780793038,9.439396640500622e-05,1.552881052328653e-05,-9.31078779556344e-05
55718.57489319298,16.31110924817954,-80.59184439339283,1191.663333069406,-7191.90130917795,2.242349863795675e-05,0.0001353298240664072,-0.02054299927409989,3.971699776790889e-10,0.6885085122782028,0.1220385445554808,-0.6776064972550986,9.443689919740497e-05,1.673899672242123e-05,-9.294156184801071e-05
55847.01947368306,16.32009753012406,-79.85145013879054,1283.512377717176,-7170.399993732098,2.418889992632492e-05,0.0001351323843004848,-0.02043447642691714,3.974447353677849e-10,0.6874048253951185,0.1305964697368741,-0.6748851428715549,9.435782342240312e-05,1.792655241245661e-05,-9.263928734406829e-05
55975.76014951101,16.33723618320092,-79.12526257409736,1374.457447508381,-7154.443443491434,2.58964185933278e-05,0.0001347982526129198,-0.02034210944276046,3.974150198484223e-10,0.6861851440855578,0.1389143290813625,-0.6719768308056406,9.417868620347029e-05,1.906594615241044e-05,-9.222859986102527e-05
56104.79760324706,16.37004064194871,-78.40802408268233,1466.53599642087,-7149.489442896826,2.753234714261865e-05,0.0001342225664523221,-0.02028127065829565,3.967757328227681e-10,0.6852427448943488,0.1471345054151639,-0.6692600815427263,9.388076404850287e-05,2.015796575621371e-05,-9.169108067256043e-05
56234.13251903491,16.42198125955373,-77.72298727917064,1557.95563203015,-7159.228386589177,2.902205783155755e-05,0.0001333642216718137,-0.02026218837934049,3.953246677203327e-10,0.6842228368682335,0.1549163213349505,-0.6664546675326535,9.337719845187478e-05,2.114172649796231e-05,-9.09523424184675e-05
56363.76558259543,16.48366595172621,-77.14002900270609,1639.155780129344,-7179.977045354275,3.022103542618527e-05,0.0001323768877108962,-0.02027417483986091,3.932756665956458e-10,0.6835419533066803,0.1615497698875979,-0.6641771403620995,9.280390404872297e-05,2.193347353621079e-05,-9.017476002363921e-05
56493.69748123025,16.55662353223313,-76.57922898370073,1720.36224964113,-7209.730072271382,3.131355700564275e-05,0.0001312295091690492,-0.02031136623233977,3.907519251115439e-10,0.682999388241143,0.1679309738041425,-0.6620327426758952,9.213674799642622e-05,2.26539204581599e-05,-8.930834350290187e-05
56623.92890382535,16.61922547359475,-76.16557111095629,1782.459492751968,-7238.096654806386,3.207754451327818e-05,0.0001302584258324405,-0.02034438237491366,3.883253599035558e-10,0.68239060444466,0.172573871766865,-0.6602084487627693,9.153345931054617e-05,2.314844806852375e-05,-8.8558023495188e-05
56754.46054085471,16.68941866135252,-75.68166348399269,1855.256083833528,-7268.739662233977,3.296676923551056e-05,0.0001291610711674519,-0.02038352292080881,3.857989285995958e-10,0.6820345176698387,0.1780722406008234,-0.6583778249763064,9.090725156997461e-05,2.37349541035465e-05,-8.775409017082446e-05
56885.29308438413,16.7634179087239,-75.35546149024609,1910.132330868156,-7309.811686793141,3.346298172997205e-05,0.000128058193127133,-0.02045155434636238,3.827488924851318e-10,0.6818172134378852,0.1817813289836526,-0.6571379314673136,9.02348414296359e-05,2.40577812827583e-05,-8.696867118441273e-05
57016.42722807475,16.83329259975104,-74.99181752743179,1969.453366397603,-7345.903560024884,3.404940805259977e-05,0.0001270015691145013,-0.02050526348095399,3.799923987290473e-10,0.6814069318863811,0.1858580389852691,-0.6555701306247574,8.958679146320824e-05,2.443536248485134e-05,-8.618994294525481e-05
57147.86366718671,16.90353827045051,-74.7116827140423,2019.104251268334,-7386.519254510117,3.44336988887134e-05,0.000125969315197922,-0.02057121607283732,3.770338105834518e-10,0.6812845857524775,0.1890487172179167,-0.6545298078026585,8.896031826950767e-05,2.468547564975768e-05,-8.546675095355692e-05
57279.60309858293,16.98376391053269,-74.39084442353129,2076.618702302022,-7433.026514615751,3.486469123176158e-05,0.0001247942985692539,-0.02065312690624223,3.738130421710149e-10,0.6812974327587524,0.1927361388354833,-0.6534668872027535,8.826862779640243e-05,2.497081844693985e-05,-8.466291324511456e-05
57411.64622073274,17.07075261312238,-74.14239778409319,2127.276953248275,-7488.891983460426,3.509847726856382e-05,0.0001235611116111868,-0.02076049470636105,3.701711473792945e-10,0.6811533302335799,0.195548151329655,-0.6524804823133415,8.748465604359334e-05,2.511543583464379e-05,-8.380202817296085e-05
57543.9937337157,17.14989731733467,-74.01099607965794,2161.954956195893,-7545.097769335815,3.509521879994864e-05,0.0001224802840239433,-0.02086820062678136,3.665685991886124e-10,0.6811531468876286,0.1970656385668706,-0.6520235759626725,8.677609447767123e-05,2.510534752532311e-05,-8.306510758694336e-05
57676.64633922509,17.24260998563689,-73.92085878791328,2194.940457077387,-7614.953392258733,3.494834351252958e-05,0.0001212470279667262,-0.02101296713169223,3.623705390969052e-10,0.6813944601993891,0.1981830401008348,-0.6519370314737519,8.597159645144383e-05,2.500477086661901e-05,-8.225495018731571e-05
57809.60474057181,17.32670431232001,-73.86642449334369,2221.711643845905,-7680.405434735594,3.475517393610268e-05,0.0001201478272499606,-0.02114483389695524,3.584561082741681e-10,0.681667687998057,0.1989038060952111,-0.65200315396588,8.524969868651391e-05,2.487500850600075e-05,-8.153983736780325e-05
57942.86964268809,17.41703111599848,-73.90880009365411,2237.624392574546,-7756.902900009603,3.433176379492698e-05,0.0001190137893683342,-0.02130632202432135,3.541047696822368e-10,0.6819897297320061,0.1985371014796501,-0.6524515390402523,8.446685891291086e-05,2.458952768430943e-05,-8.080844870974921e-05
58076.44175213121,17.49195855939102,-74.08421588979799,2232.372033591555,-7828.616899872161,3.368564250172633e-05,0.0001181308429795159,-0.02145384668201855,3.500540370906334e-10,0.6825279205887942,0.1967156516511994,-0.6535650807522594,8.383268704725627e-05,2.416194439041507e-05,-8.027527552638918e-05
58210.32177708716,17.56808890070779,-74.19458356534052,2235.822017717318,-7898.377461777783,3.318067125189356e-05,0.000117215710331979,-0.02159523907566441,3.46164276040582e-10,0.6828234835641827,0.1955629658880242,-0.6542194097394276,8.317370330575083e-05,2.382123124626585e-05,-7.968948402082295e-05
58344.51042737448,17.62562965242907,-74.49626390606412,2208.995091610988,-7963.362509251229,3.234499602324857e-05,0.0001166027618945826,-0.02172284072136735,3.425497425510153e-10,0.683399056603102,0.1922996297460594,-0.6557858819504566,8.268637580630642e-05,2.326687357695728e-05,-7.934538006674127e-05
58479.00841444806,17.6739271355349,-74.75851420082844,2184.839795461579,-8018.594877611462,3.163161817388786e-05,0.0001160914095333537,-0.02182319854636785,3.394078318127142e-10,0.6839955617870452,0.1894834245739097,-0.6572259583705737,8.229195522555171e-05,2.279687524620969e-05,-7.907128665864088e-05
58613.81645140288,17.71804595881359,-75.04939737782298,2155.413399655428,-8071.942697591047,3.087893422382098e-05,0.0001156404556347346,-0.02191786268927375,3.363892134825381e-10,0.6846802875566799,0.1863529848650126,-0.658832043240611,8.194201922916688e-05,2.230258435468306e-05,-7.884852088945867e-05
58748.93525297769,17.75562846933832,-75.31058567686848,2128.160550690501,-8118.175886454185,3.021502643596163e-05,0.0001152595836537862,-0.02199270192140419,3.337042019365622e-10,0.6849625196678688,0.1834456717759695,-0.6599404055340292,8.160727220043666e-05,2.18559416621402e-05,-7.862610692420989e-05
58884.3655355589,17.78645141282652,-75.66534356079923,2086.109043487119,-8163.498054810818,2.938407245912115e-05,0.0001149876700411978,-0.02206461862206226,3.310883031379432e-10,0.6855223983060792,0.1795251280287942,-0.6615978287340155,8.135077220067096e-05,2.130420221229002e-05,-7.851164949065404e-05
59020.10801718442,17.81785262462219,-76.00171191237526,2046.292224945716,-8208.274628426076,2.859424305868072e-05,0.0001146998444094874,-0.02213461691716033,3.285248708355522e-10,0.6861621236223903,0.175824495378232,-0.663252747238169,8.110255526889808e-05,2.078199213147863e-05,-7.839472733667634e-05
59156.1634175474,17.85388441952608,-76.33527259365688,2007.430137269356,-8256.897045416657,2.780138318037836e-05,0.0001143517547030635,-0.0222145234487793,3.258391485276391e-10,0.6866502722258296,0.1721052962565139,-0.6647317980571289,8.079801280335498e-05,2.025159894771818e-05,-7.82188699293968e-05
59292.532458,17.87466317809498,-76.76773664976527,1950.971478307207,-8296.99136067449,2.68557378956455e-05,0.000114210703632656,-0.02227105392702665,3.235187782037028e-10,0.687283835167286,0.1672600828621194,-0.6666206828198552,8.062711018668629e-05,1.962172895784162e-05,-7.82030603605834e-05
59429.21586155727,17.90233690446822,-77.18036957299691,1898.238537775055,-8341.897945767872,2.593556130045983e-05,0.0001139750359236889,-0.02234009440625816,3.210371262906011e-10,0.6879370984520303,0.1626322639042398,-0.6684371310482237,8.040310507386982e-05,1.90077538084766e-05,-7.812403343834786e-05
59566.21435290104,17.89902801494567,-77.6869087780123,1825.550918910929,-8363.551037789946,2.491144254339982e-05,0.0001141289015707054,-0.02234656850239792,3.194695133197225e-10,0.6884892276680615,0.1568653146062878,-0.670381003376762,8.041758882112406e-05,1.832233514100326e-05,-7.830249438417741e-05
59703.52865838369,17.89497850803028,-78.19139445289701,1752.790032435053,-8383.841884090334,2.389264292368151e-05,0.0001142818801787075,-0.02234926323348019,3.179633416298465e-10,0.6893377268283094,0.1511658709489021,-0.672558830950186,8.047303990861022e-05,1.764704975841349e-05,-7.851427759940768e-05
59841.15950603199,17.87756685827617,-78.70687059925132,1675.868969530562,-8392.142101997984,2.288294777506157e-05,0.0001145894774188151,-0.02231993680750712,3.169182890250407e-10,0.6898649480794342,0.1452432693625945,-0.6744019864246437,8.060296534211425e-05,1.697004354142163e-05,-7.879629207103799e-05
59979.10762555094,17.84719815201662,-79.22444827405937,1596.459889875072,-8388.380627501068,2.189522378834547e-05,0.000115045465423707,-0.0222586212808935,3.163311812100431e-10,0.6905761123610126,0.1393121229018416,-0.676378222133321,8.086451747515271e-05,1.631305716379511e-05,-7.920198452349557e-05
60117.37374832779,17.80862809508354,-79.70715006112881,1520.957324385278,-8375.228521543251,2.099095032798533e-05,0.0001155877308735765,-0.02217260894176889,3.160992503392865e-10,0.6910915175556627,0.1337321895500237,-0.6780288984368921,8.117898758512827e-05,1.570883664382264e-05,-7.964458849566683e-05
60255.95860743578,17.76654449806171,-80.18122626841252,1446.517062411735,-8358.111540626256,2.010435321381544e-05,0.0001161648424202191,-0.02207640202474399,3.160181083076198e-10,0.6917520610801507,0.1282636370443546,-0.6797568340375775,8.154250297367053e-05,1.511948947253118e-05,-8.012852693829511e-05
60394.862937638,17.7173603459369,-80.61199018906254,1377.651424423422,-8332.53901111053,1.931400856734536e-05,0.0001168181783833185,-0.02195823796294817,3.162589145491931e-10,0.6920220345753475,0.1232212852408018,-0.6809632965156113,8.192878880367347e-05,1.458822140079078e-05,-8.061954000860114e-05
60534.08747539136,17.65759174133368,-81.00170939733133,1313.670763192744,-8295.792628308138,1.862150242081343e-05,0.0001175942457112754,-0.02181112260422342,3.169291926246522e-10,0.6925289312222235,0.1186973452639469,-0.6822809251379424,8.244263365696421e-05,1.413041579992802e-05,-8.122265197355695e-05
60673.63295885053,17.60040359281345,-81.40909988970847,1248.14521441256,-8261.850197957472,1.787762956429445e-05,0.0001183374303320088,-0.02167192294190582,3.174993316803233e-10,0.6930795690963438,0.113957625311111,-0.68364680115702,8.293829791495822e-05,1.363689235574664e-05,-8.18095130648517e-05
60813.5001278718,17.53330668627799,-81.76056551404037,1189.873883957398,-8217.087279390311,1.726047790820817e-05,0.0001191982237512601,-0.02150492991823572,3.184947161101745e-10,0.6934073460146386,0.1098378065822632,-0.6846527614435379,8.350524608446413e-05,1.322748182687415e-05,-8.245095419791469e-05
60953.68972401693,17.47337131717173,-82.04736086678729,1142.190910804979,-8176.143467821238,1.675899017831943e-05,0.0001199658540245051,-0.0213485623958796,3.193534617125519e-10,0.6936345136913966,0.1064683805237198,-0.6854147084302734,8.40106634012935e-05,1.289508970863945e-05,-8.301510842329591e-05
61094.2024905572,17.41008385945804,-82.28190933135529,1101.90786046741,-8130.551301201641,1.636819355434785e-05,0.0001207745603567724,-0.02118069107864183,3.204056289285275e-10,0.6937396037178405,0.103701552895755,-0.6859450602589068,8.45421201713534e-05,1.26375214848404e-05,-8.359224326328225e-05
61235.03917247734,17.34665938720653,-82.56355550244476,1055.510499571804,-8086.704503619769,1.587021623053513e-05,0.0001215883206438511,-0.02101801537922507,3.21401987319917e-10,0.6941798367096533,0.1004163951326574,-0.6868785870026834,8.511004378372377e-05,1.23115701931844e-05,-8.42148727496852e-05
61376.20051647942,17.27732651826991,-82.81507994729662,1013.158719590479,-8036.98800525831,1.543986382722147e-05,0.0001224783422210077,-0.02084075517616455,3.22646390892917e-10,0.6941235379780839,0.09741654157734886,-0.6872535946812655,8.567777909846284e-05,1.202441996724774e-05,-8.482980110607504e-05
61517.68727098683,17.21162117088814,-83.07765864386177,970.1690760523031,-7990.918535151623,1.497266760559628e-05,0.0001233242432103385,-0.02067363454532589,3.237601767262423e-10,0.6944726266776198,0.09433778509491238,-0.6880353272237544,8.62639243307214e-05,1.171816892753223e-05,-8.546431511410037e-05
61659.50018614822,17.14056871690509,-83.32111980706189,929.7659769186172,-7939.977551771346,1.454857327436188e-05,0.0001242413124123653,-0.02049459810066676,3.250879389368517e-10,0.6946988701321845,0.09146763807583273,-0.688650993862466,8.688962690633152e-05,1.144033665248402e-05,-8.613318733913961e-05
61801.64001384158,17.06794005985127,-83.5576130858434,890.6673099596693,-7887.795972499014,1.413519500330234e-05,0.0001251820213572058,-0.0203130809933587,3.264859248478061e-10,0.6948644083431457,0.08867010852590432,-0.6891836894733321,8.752677660966619e-05,1.116909815456983e-05,-8.681121972471065e-05
61944.10750767815,16.99014791354917,-83.76972823615912,854.8988110923559,-7830.940063899382,1.377658615700323e-05,0.000126194608158115,-0.02012028052985448,3.281000009514758e-10,0.6949949160587816,0.08615891155447238,-0.6896336529689524,8.821502427729017e-05,1.093606629179981e-05,-8.753452440211379e-05
62086.90342300637,16.92193906798806,-83.9641565002843,822.8100134869491,-7781.682530685286,1.34376698066844e-05,0.0001270860571380877,-0.01994773731735972,3.294174664633006e-10,0.6950551747553467,0.08385020711723948,-0.689978868314517,8.881344527915531e-05,1.071429442140917e-05,-8.816479999072688e-05
62230.02851691595,16.8425303729899,-84.14927820796049,791.4286056596475,-7723.456992295874,1.312961069778969e-05,0.0001281302985825811,-0.01975294544092023,3.311375255023702e-10,0.6953233612690505,0.08167676420446528,-0.6905095820592055,8.954758304043909e-05,1.051878483088048e-05,-8.892763796517915e-05
62373.48354824191,16.75899974336104,-84.31399350347836,762.8588105978353,-7661.793587261908,1.286764554551573e-05,0.000129236554332419,-0.01955017185178346,3.3303485145024e-10,0.6952475777116086,0.07970752074541283,-0.69066338070762,9.028460365049636e-05,1.03507903503238e-05,-8.968930145480489e-05
62517.26927756858,16.67769141823669,-84.48741414786184,733.7393647383594,-7602.669481534866,1.257717666260463e-05,0.0001303189140066834,-0.01935469099438616,3.348528666604043e-10,0.6953889708811711,0.07765741211544605,-0.6910391791835728,9.103218635860976e-05,1.016599961725401e-05,-9.046276253249536e-05
62661.38646723355,16.60249698313743,-84.59264112637855,714.3605134786499,-7546.799144939935,1.243133863877189e-05,0.0001313297894261989,-0.0191682702243902,3.365560020638738e-10,0.6955027343081926,0.076425653746475,-0.6912909466205935,9.173716763433223e-05,1.008058295597878e-05,-9.118163067656338e-05
62805.8358813318,16.51860993194929,-84.76628687549562,685.7801271435433,-7486.646691682357,1.213336920090458e-05,0.0001324597269467086,-0.01897175336405324,3.38479829194803e-10,0.6953929872103561,0.07434355828714594,-0.6914075802322016,9.248569712684885e-05,9.887525387133806e-06,-9.195564699765861e-05
62950.61828571976,16.43751482355797,-84.86620797213318,667.2612836716671,-7427.041824909834,1.199976673452019e-05,0.0001335650240877709,-0.0187774234975671,3.404115303672256e-10,0.6955561004695635,0.07317995760732277,-0.6916957298588853,9.326449924094018e-05,9.812425045388333e-06,-9.274687667728746e-05
63095.73444801933,16.34584549420754,-84.99903089501984,644.1182169599874,-7360.87094647835,1.179761831516173e-05,0.0001348211300459297,-0.01856732482539988,3.426817121057683e-10,0.6956373273976592,0.07160983887612177,-0.6919417043690125,9.413318805560763e-05,9.690196549364201e-06,-9.363309876505786e-05
63241.18513762197,16.26036086352059,-85.09110045556315,626.875505443516,-7298.864890790217,1.168096773459408e-05,0.0001360043653773996,-0.01836857458950572,3.447980548616544e-10,0.6953408785909725,0.07049306744588783,-0.6917583862026792,9.490558755633747e-05,9.621447825931643e-06,-9.441662084160031e-05
63386.9711256927,16.1735149264861,-85.16513959801405,612.0520371401941,-7235.932354533801,1.160655126923005e-05,0.0001372174500815198,-0.01816831411330582,3.46996930800232e-10,0.6954265578097146,0.06963299694338047,-0.691931602865306,9.575328912504953e-05,9.587767987985892e-06,-9.527206874668925e-05
63533.09318517436,16.07971969440975,-85.255391413089,595.0133189140878,-7168.934895749099,1.149835997323051e-05,0.0001385363847088587,-0.01795869472366095,3.494342700340055e-10,0.6952762367117027,0.0685535479799852,-0.6918883265349571,9.663996075253129e-05,9.52860436819389e-06,-9.61690579814798e-05
63679.55209079159,15.98755777757914,-85.33831098659094,579.2427886363653,-7103.627516754121,1.140308016019954e-05,0.0001398433188826427,-0.0177541674847696,3.518357376817209e-10,0.6953429815355767,0.06758408915576698,-0.692050758878112,9.754934174296398e-05,9.481340265898038e-06,-9.70874773657645e-05
63826.34861905489,15.8942675202797,-85.40441347168509,565.6962287470685,-7037.724244019825,1.134806528425483e-05,0.000141179223256637,-0.01754900015099772,3.543136513399403e-10,0.6951636769584798,0.06679389647588024,-0.6919473340912609,9.844656865930291e-05,9.459110326657444e-06,-9.799108180145255e-05
63973.48354826482,15.79707484704251,-85.45954921057773,553.4573538533173,-6969.431897356819,1.132294036497454e-05,0.0001425845391737939,-0.01733873904443258,3.569626302010398e-10,0.6950693982585631,0.06614459073362607,-0.6919149958717488,9.940533209015331e-05,9.459666940188691e-06,-9.895420531404597e-05
64120.95765851615,15.70205410711054,-85.49335484573699,544.071824055678,-6902.852405613048,1.13477411552765e-05,0.0001439732382170896,-0.01713360376864529,3.595767014146423e-10,0.6949546184337753,0.06575109094245922,-0.6918372031932878,0.0001003521688234843,9.494525834588304e-06,-9.990201082437442e-05
64268.77173170198,15.59442825102028,-85.50238073416097,537.053071210113,-6827.533282631854,1.145013710427095e-05,0.0001455651151830443,-0.01690767758238154,3.627073077490606e-10,0.6947095324964806,0.06564461505357011,-0.6916011271361169,0.0001014246375748126,9.583834651902039e-06,-0.0001009708236103236
64416.92655151775,15.48862260193837,-85.53417979886488,527.5739157326756,-6754.978892378886,1.149196358996101e-05,0.0001471414131124478,-0.01668953082298499,3.657599382068031e-10,0.6944587064576068,0.06526291675650951,-0.6913853098462573,0.0001024814105591064,9.630861711742278e-06,-0.0001020278688049173
64565.42290346557,15.38367468204118,-85.4907581176582,526.961640161193,-6681.902747957696,1.172967443453965e-05,0.0001487329206976525,-0.01647101194066065,3.689096207186497e-10,0.6942692981926123,0.06579468443937361,-0.6911446432639015,0.0001035677116451743,9.814930493890004e-06,-0.0001031015908452342
64714.26157485831,15.27049626307681,-85.49071743986289,520.9235713782641,-6605.279868892583,1.186584771231693e-05,0.0001504582424906228,-0.01624468727690868,3.723307524719122e-10,0.6938959984856133,0.06578560535885647,-0.6907705196676499,0.0001047127203283795,9.927409454167508e-06,-0.0001042410683948449
64863.44335482384,15.15798710087411,-85.40283319242877,524.8877768107347,-6527.779328879421,1.223873801282657e-05,0.000152207356584163,-0.01601716304083617,3.758847159069901e-10,0.6933443245292213,0.06681777742023076,-0.6901171907563981,0.0001058586786107655,1.020162908265901e-05,-0.0001053659650991589
65012.96903430906,15.04272489785987,-85.30597632145039,529.5429296783645,-6449.19277844298,1.264655535517494e-05,0.0001540197572240495,-0.01578794085069527,3.795900086321612e-10,0.692821830897711,0.06795895087756099,-0.6894807251577652,0.0001070531005336133,1.050084751375068e-05,-0.0001065368412116338
65162.83940608428,14.92349135236116,-85.17483578881041,537.5628452933554,-6368.122069655518,1.316202611041962e-05,0.0001559210977637508,-0.01555362097225669,3.835383114420889e-10,0.692405584962179,0.06952101698891783,-0.6889066136158397,0.0001083301128925209,1.087689034054182e-05,-0.000107782682355869
65313.05526474724,14.79703361238287,-84.99422375290197,550.2569119026659,-6282.170767255955,1.383651817489522e-05,0.0001579687017440104,-0.01530840238453603,3.878916171824428e-10,0.6916576698282728,0.07164079037307756,-0.6879374458386437,0.000109663844298282,1.135880483018377e-05,-0.0001090739946050736
65463.61740672747,14.67800613094887,-84.78241157068663,566.2714349282178,-6201.184507982303,1.460390161205789e-05,0.0001599259345375085,-0.01507630049433903,3.920536290365854e-10,0.6907740973342977,0.07411466428443293,-0.6867866263156408,0.000110917356306612,1.19005658401274e-05,-0.0001102770894734383
65614.52663029054,14.5530991940999,-84.51158490651702,587.6491856423223,-6115.93163553976,1.556688591230561e-05,0.0001620116429053575,-0.01483483614677024,3.96604383034846e-10,0.6900777115133032,0.07730812582501748,-0.6857336958388883,0.0001123002894332332,1.258079309162401e-05,-0.0001115933629387236
65765.78373554205,14.43577871201151,-84.14340078010237,618.8988227504444,-6033.65589873834,1.682337072720236e-05,0.0001640113477252103,-0.01460160750248625,4.010879301448083e-10,0.6891438695125709,0.08162844450214424,-0.6842923862903341,0.0001136049820973223,1.345640349794798e-05,-0.000112805217797021
65917.38952443213,14.31531241387104,-83.69748549055332,656.9412285996025,-5948.105894241888,1.83444026987373e-05,0.0001660946901617131,-0.0143614676177635,4.059209254062936e-10,0.6877753947348972,0.08680485288931128,-0.6822755389999035,0.0001149147274327109,1.45035081015899e-05,-0.00011399580182481
66069.34480075957,14.20948349112087,-83.16491053717581,703.5434608178402,-5869.516210325251,2.013219127480847e-05,0.0001679586686791084,-0.0141391218763915,4.10409897049444e-10,0.6863987169179503,0.09298239103878422,-0.6800716679463416,0.00011609587123623,1.57268238287891e-05,-0.0001150257289929411
66221.65037017618,14.12818090011701,-82.52813199118816,761.0342999919615,-5802.643947792051,2.2220076882105e-05,0.0001694210032856371,-0.01394588419543972,4.141848494627101e-10,0.6848296554923073,0.1003308124378818,-0.6774403184910586,0.0001170019767909105,1.714134791641205e-05,-0.0001157395211869709
66374.30704019091,14.06934595862047,-81.84298509036697,823.7963238709815,-5747.290291268969,2.443775331232391e-05,0.0001704922178972262,-0.0137810803611952,4.172121986687666e-10,0.6831312006518679,0.1081812658370821,-0.6745109717609857,0.0001176425786590853,1.862998361593506e-05,-0.0001161580820435197
66527.31562017412,14.0510091468751,-81.17328448957294,887.5356324578968,-5715.502786617461,2.652948181372221e-05,0.0001708430869574575,-0.01367333872208461,4.185676798762956e-10,0.6817940849215829,0.1158563457269465,-0.67187832335093,0.0001178593756380411,2.002768412497075e-05,-0.0001161452723720568
66680.67692136219,14.05396092327567,-80.72781168601767,931.0228405441196,-5702.773678345129,2.78845938041528e-05,0.0001708008876395902,-0.01361150879306995,4.185371331787118e-10,0.680922994670295,0.1209477257640817,-0.6700953456809405,0.0001178254580499301,2.092853567847345e-05,-0.0001159518648363652
66834.39175686146,14.05569989768236,-80.51569140940114,951.7095607961982,-5696.775854355513,2.852931392612887e-05,0.0001707717495027908,-0.01356592037533061,4.180141658824572e-10,0.6805805463771155,0.1233914665363264,-0.6693014463550693,0.0001178180528234238,2.136079616104858e-05,-0.000115865482169925
66988.46094165267,14.03518806702541,-80.5433982090067,947.0446322777531,-5685.768353208466,2.850410103138551e-05,0.0001711299658508351,-0.01350856738560962,4.178601633856145e-10,0.6805443804815922,0.123087139370876,-0.6693207078273977,0.000118049318130051,2.135107318501104e-05,-0.0001161024254045466
67142.88529259522,13.9763823800096,-80.65871677074111,930.323532649307,-5655.592246332089,2.831929456446603e-05,0.0001721577248554488,-0.01340596934721267,4.191235280798318e-10,0.6804851972286358,0.1217551209286928,-0.6695041405211284,0.000118708328747732,2.123976683223419e-05,-0.0001167927207448818
67297.66562843176,13.87933643768866,-80.80282705727348,907.4833760047868,-5604.723795883026,2.815084284716907e-05,0.0001738629080725548,-0.01325483563879661,4.219547852833092e-10,0.6803766393773015,0.1200776649662365,-0.6696967416574512,0.0001198157105071985,2.114592111384437e-05,-0.0001179349587891218
67452.80276979219,13.79603902950976,-80.97515812367816,883.5695040026493,-5563.026587580551,2.784829239805975e-05,0.000175335149444745,-0.01312596576582271,4.241397695291771e-10,0.6802728010445207,0.1180709176929624,-0.669948014577325,0.0001207535086957463,2.095847072595041e-05,-0.0001189207818977119
67608.29753919819,13.64629540405484,-81.02616857626288,865.5168100976348,-5480.858341994919,2.811130104210259e-05,0.0001780139415242069,-0.01290234674241268,4.295082935129694e-10,0.6797810134027085,0.1174156238528696,-0.6695638860169019,0.0001224924124013078,2.115758271527686e-05,-0.0001206513480634936
67764.15076106749,13.47544100612562,-80.96171435631582,856.5802758377976,-5384.944011897401,2.881067373490756e-05,0.0001811200530572318,-0.01264740202807896,4.361530756957815e-10,0.6791355256220752,0.1180827232878227,-0.66879109789448,0.0001245335219492274,2.165290558010327e-05,-0.0001226366575254635
67920.36326171843,13.30908246570243,-80.74862922347559,861.4305559429582,-5288.584458028283,3.000330570682318e-05,0.0001841994286781295,-0.01239251850304191,4.430785107013835e-10,0.6778935651007725,0.120374828565929,-0.6671203686387925,0.0001264948335436787,2.246192424032305e-05,-0.0001244845567637407
68076.93586937414,13.13434363810474,-80.41119163570805,876.0406091667365,-5185.622909890562,3.167388909719956e-05,0.0001874899898807197,-0.01212330591234715,4.508366346474915e-10,0.6764604572650871,0.1240650081280885,-0.6649861833162161,0.000128607874089068,2.358709481512792e-05,-0.0001264263984929244
68233.86941416697,12.95987561970545,-79.94896001631591,900.5216053941218,-5080.641858630096,3.382385485771022e-05,0.0001908303940526791,-0.0118505556378822,4.590939289089738e-10,0.6746703231472453,0.1291092470858708,-0.6622015155921405,0.0001307351485969502,2.50183178715686e-05,-0.0001283189886553966
68391.16472814293,12.7898511397738,-79.41774838077455,929.8959548497785,-4977.381849957011,3.626875574732105e-05,0.0001941329517950239,-0.01158300093623879,4.675404299007865e-10,0.6725479660815078,0.1348437106650849,-0.6588914480963035,0.0001328031553376076,2.662660681005526e-05,-0.0001301065020566131
68548.82264526613,12.62757649955923,-78.7085581632853,973.0916291930473,-4873.63634538476,3.939763678893325e-05,0.0001973192953432763,-0.01131548705386656,4.763947987125387e-10,0.6704133449764167,0.1425608235685596,-0.6550805024620424,0.0001348765826862149,2.86809874116335e-05,-0.0001317918567977744
68706.84400142322,12.47314227488432,-77.94217467883085,1019.560434111621,-4772.96316417187,4.280148165079663e-05,0.000200370560151479,-0.01105625926811237,4.853243135866444e-10,0.6676237885254596,0.1507063139509215,-0.6503915205016235,0.000136769766811912,3.08737761751644e-05,-0.0001332395551571328
68865.22963442763,12.32903931619056,-77.07278424228416,1072.971548291346,-4674.635033448257,4.664387816399835e-05,0.0002032142486056985,-0.01080358370506175,4.94393124183168e-10,0.6650682116571845,0.1599685195108196,-0.6455430263912717,0.0001386450931848887,3.334823391868647e-05,-0.0001345747270431973
69023.98038402418,12.19422611710547,-76.12030395775993,1131.313216330821,-4578.381509861282,5.086509094044874e-05,0.0002058490862631839,-0.01055679554556103,5.036260115226669e-10,0.662264413292492,0.1699833380578034,-0.6400779779811013,0.0001404056848532672,3.603791252348256e-05,-0.0001357019719829628
69183.09709189364,12.06499816663061,-75.14083820053676,1189.714868546159,-4484.137059831499,5.527668211627487e-05,0.0002083425410367528,-0.01031570728361283,5.130282178851932e-10,0.6592037663432312,0.1800893377247872,-0.6341273026758498,0.0001420704346542122,3.881253687168417e-05,-0.0001366659993722686
69342.58060165691,11.93118122763651,-74.05967831359521,1252.2804011823,-4384.451339682586,6.023005499548797e-05,0.0002108758909464721,-0.01006318336297528,5.234857657708781e-10,0.6559595746236486,0.1911025261576554,-0.6275052095692917,0.0001438358358017293,4.190409384523255e-05,-0.000137596491887664
69502.4317588797,11.8014353904852,-72.89026618427968,1318.585016451659,-4283.538086811189,6.564250798051013e-05,0.0002132453952836428,-0.009808955502500103,5.345858988579188e-10,0.6522609576792061,0.2027446344137058,-0.6199507804084514,0.0001455103155071104,4.522949806145137e-05,-0.0001383023659381428
69662.65141107688,11.67028103728993,-71.52535234408553,1394.759022389939,-4174.633170294514,7.199531067579437e-05,0.0002154881289370163,-0.009537585652993324,5.472702145427076e-10,0.6482360196926287,0.2161370498562081,-0.6111421380549675,0.00014725472989698,4.909817092915848e-05,-0.0001388284015914743
69823.24040771712,11.56060755965425,-69.8908781238227,1487.900936253922,-4063.875516294696,7.944397600425085e-05,0.0002169838200476012,-0.009263189057850486,5.608926323944336e-10,0.6438666076160621,0.2319312138477954,-0.6006430890687948,0.0001487553697388997,5.358410121261264e-05,-0.0001387692477582596
69984.19960022735,11.48381833172028,-68.04147927645515,1595.300960477888,-3956.753218706359,8.764965519956398e-05,0.0002173934974786749,-0.008998271566284206,5.747528948129346e-10,0.638862369942236,0.249266092098209,-0.5882274586061905,0.000149724911564743,5.841844089027802e-05,-0.0001378580244563921
70145.52984199714,11.46245614493431,-66.00950532379701,1718.753907947774,-3862.108704776207,9.618097584825052e-05,0.0002161224956869658,-0.008762834816529633,5.874834521113707e-10,0.6343396374478638,0.2680783464446292,-0.5749093631217017,0.0001500348833164961,6.340625913007828e-05,-0.0001359783531115301
70307.23198838334,11.48533764711591,-63.97137901191172,1846.718746940441,-3781.539036817479,0.0001042730798098089,0.0002135207228730721,-0.008560294768878237,5.986204425460834e-10,0.6301328057084224,0.2864655852670949,-0.561252903143983,0.000149709774429233,6.805977686538624e-05,-0.0001333449786556872
70469.30689671467,11.54190549363317,-61.96224349472641,1976.785265454917,-3711.889372669546,0.0001117724368474102,0.0002098796099614806,-0.008383302857462541,6.084502969605609e-10,0.6264284592897456,0.3041899590713764,-0.5476139912459129,0.0001489330638820636,7.232101596729166e-05,-0.0001301949621404668
70631.75542629619,11.6011003371394,-59.92550423196803,2106.823869091424,-3638.19345831982,0.0001191968872240424,0.0002058365398801062,-0.008197962365814592,6.193474345451388e-10,0.6227880171998804,0.3216021433629643,-0.5333263313883029,0.0001481120210933647,7.648371857828965e-05,-0.0001268361603991476
70794.5784384138,11.6817174797272,-57.69006356936146,2250.697208141909,-3558.884300833342,0.0001269336029154599,0.0002007120304898698,-0.008000810808733185,6.316932879131764e-10,0.6192184753353662,0.3402203078184448,-0.517379611450411,0.0001470297018046739,8.078326535613834e-05,-0.0001228486762288103
70957.77679633888,11.80885038722474,-55.12347749941566,2422.018900350428,-3474.916203792553,0.0001349974609556155,0.0001936834037412544,-0.007794072977385672,6.454696037506782e-10,0.6155195291348284,0.3608992167524313,-0.4986141254455619,0.0001452937588922138,8.51904794262514e-05,-0.000117698167310091
71121.35136533288,12.03130195021211,-52.33373161479643,2630.027319311439,-3407.00128374301,0.0001419740731978563,0.0001839166635614866,-0.007624167497082192,6.568222171068502e-10,0.6125894790678553,0.3829277183613824,-0.4781550296453778,0.0001423064856336486,8.895532769292601e-05,-0.0001110769351775786
71285.30301265194,12.38519128643004,-49.46405905488368,2884.713866741167,-3373.278895428452,0.0001464278307173657,0.0001712273500526626,-0.007531342197419301,6.618626631218161e-10,0.6115212605821856,0.4056962053222488,-0.4575684004945633,0.0001377534399601234,9.138856073246445e-05,-0.0001030734747066188
71449.63260755134,12.87467662005967,-47.05702607744892,3171.341227063994,-3407.640561964166,0.000146351001461576,0.0001572557391833383,-0.007590561629560042,6.536817385099713e-10,0.6125981185888441,0.4253211504800589,-0.4408836284700425,0.0001315776572044351,9.1353138120265e-05,-9.469574452417389e-05
71614.34102129021,13.45503789881467,-45.53756511066971,3463.684910786464,-3529.296957806073,0.0001416463339187393,0.0001443295184925698,-0.007843471691054671,6.29697443134204e-10,0.6161116082914616,0.4393857145076023,-0.4318954824470096,0.0001245726426569607,8.884013686045569e-05,-8.732567423818916e-05
71779.42912713616,14.04541006537291,-45.31595923396475,3709.822274650361,-3750.965421331597,0.000133290908904565,0.0001347691488336873,-0.008316932795805811,5.911219293835373e-10,0.6214335403295635,0.444880654071334,-0.4338903648153497,0.0001177735818885282,8.431342169768567e-05,-8.223055096788593e-05
71944.89780036994,14.56293626367753,-46.21669591630538,3872.309020789668,-4040.362632140975,0.0001236396762325171,0.0001290054913019311,-0.008938002616576249,5.475197452857563e-10,0.6270238678700686,0.4419635507552671,-0.4447776418420082,0.0001120229885278975,7.896043565962875e-05,-7.946319625564453e-05
72110.74791828997,14.9466341301437,-48.07396535739519,3915.41427886905,-4359.813474786015,0.0001140242245325398,0.0001269659645600989,-0.009622502685135115,5.062350632724997e-10,0.632597762126594,0.431134096785272,-0.4629290650161454,0.0001079359663181572,7.356155543893911e-05,-7.898652028313605e-05
72276.98036021703,15.18683840465287,-50.4165733015951,3851.738146763506,-4658.694686103838,0.0001054135062707176,0.0001274981119678689,-0.01025851223936142,4.726676529499564e-10,0.6375498417398666,0.4150958730562844,-0.4839062066911005,0.0001054538391400163,6.865887270163029e-05,-8.004043596026798e-05
72443.59600749899,15.2876090355943,-52.85470509032472,3708.712733714653,-4895.747877632688,9.831463082410154e-05,0.0001297818622676774,-0.01075571227546795,4.487465134418897e-10,0.6414434914906427,0.3965625954859568,-0.5041704678351834,0.0001044200873898656,6.455611667360663e-05,-8.207351857043087e-05
72610.59574351547,15.26829425365903,-55.31711172498932,3505.32042571105,-5065.557321441856,9.237376562773064e-05,0.0001334898234559504,-0.01110317962505922,4.327059802869736e-10,0.6446313495494228,0.3764186116905289,-0.523315015640565,0.0001046284336639236,6.109552346570948e-05,-8.493789580285709e-05
72777.98045368242,15.15121572304206,-57.51098445307953,3282.314965930277,-5154.382849304475,8.790050162148805e-05,0.0001380345404709349,-0.01127189163454435,4.242711081667157e-10,0.6468271749708047,0.3573453866381063,-0.5391564419805946,0.0001058330504483498,5.846840360914454e-05,-8.821610026860815e-05
72945.75102545688,14.96304041575966,-59.48959754181202,3053.242791764433,-5181.226371392993,8.441975201151685e-05,0.000143256817495264,-0.01130453490015479,4.211022523245302e-10,0.6484627737531179,0.3393964330353164,-0.5525522872873583,0.0001078086448869506,5.642555132846006e-05,-9.186327378033041e-05
73113.90834834172,14.714033302582,-61.22052860939989,2830.063859570839,-5152.238909642509,8.190068034861196e-05,0.0001491033040089426,-0.01121543505174417,4.224974952063242e-10,0.6493119568401042,0.3229974195391122,-0.5632749632875583,0.0001104398665027901,5.493783306908911e-05,-9.580604683853205e-05
73282.45331389041,14.42001255565736,-62.64645227668068,2626.248434853847,-5076.616325569863,8.038909115177832e-05,0.0001553945038568116,-0.01102540302430501,4.278049344680215e-10,0.6496799964892861,0.3090798382807735,-0.5714488178364269,0.0001136466528199831,5.406644696552673e-05,-9.996189778965612e-05
73451.38681571151,14.08022608920732,-63.84418726113373,2437.274587876131,-4962.853999730202,7.972706806507746e-05,0.0001623427251905689,-0.01075354435284115,4.366049272705005e-10,0.6494616370821406,0.2969920170746401,-0.5775778387675126,0.0001174438631152915,5.37058508280096e-05,-0.0001044449260150196
73620.70974947361,13.69757862476214,-64.7421763534085,2270.709478148437,-4812.88949629284,8.018034344258865e-05,0.0001699465019535013,-0.01040461517549475,4.49173619005902e-10,0.6483879263564444,0.287452340364469,-0.5811867643570346,0.0001218186849579509,5.400635124108506e-05,-0.0001091929761042763
73790.42301291008,13.2780361562163,-65.40256868468197,2122.959153763591,-4637.494244974754,8.161050173995554e-05,0.0001782739114304653,-0.01000238381231149,4.650897282194739e-10,0.6468835334734534,0.2801081006702825,-0.5830932668261463,0.0001268100800429928,5.491024091456009e-05,-0.0001143051260583497
73960.52750582379,12.81996410887277,-65.7288952142188,1999.820197345572,-4435.073019411818,8.449056687076143e-05,0.0001873777622711806,-0.00954379069237043,4.85198396755679e-10,0.6441950535323407,0.2756571206102217,-0.5822374248126077,0.0001323887721542407,5.665040042305847e-05,-0.0001196558361485748
74131.02413009177,12.32724967293071,-65.71218803896296,1900.370043325013,-4211.241374425374,8.902715193708211e-05,0.0001972851692761472,-0.009041287222967655,5.098119336397544e-10,0.6402681629333219,0.2741702585241734,-0.5785965691280918,0.0001385571193452943,5.933176664169105e-05,-0.0001252110889196401
74301.91378967013,11.79730367769896,-65.32393317497998,1822.792833891581,-3967.400341710896,9.562021774615194e-05,0.0002081222163632436,-0.008498184547374997,5.399009669063071e-10,0.6354001168641037,0.2759949252518762,-0.5723286728324275,0.0001455050067275359,6.320213419811026e-05,-0.0001310618068530429
74473.19739059889,11.2375120997919,-64.52085712884488,1767.10155594355,-3708.27886803074,0.0001047234587449336,0.0002197631413682781,-0.007924876772979983,5.762988399229426e-10,0.6288967235342169,0.2811070154193307,-0.5625743815302199,0.000153071612270575,6.842062052572482e-05,-0.0001369289493496098
74644.87584100665,10.65064013142562,-63.18409811095282,1735.2436054624,-3432.830738363925,0.0001172826640820305,0.0002320201803773361,-0.007319350118180216,6.211088841811979e-10,0.6208074293226504,0.2903946850814703,-0.5487010034423404,0.0001613679680935342,7.548298886804075e-05,-0.0001426251714045705
74816.95005111545,10.03977703953424,-61.26084854619457,1723.40757399843,-3142.768164715175,0.000134147330231617,0.0002446281223282147,-0.006685478197982314,6.768739284086215e-10,0.6103076252041099,0.303448606102661,-0.529522748176726,0.0001702429759877261,8.464582716784378e-05,-0.0001477083437596841
74989.42093324558,9.416340785697026,-58.57120870331936,1733.550739898652,-2836.805554927003,0.000156844607940387,0.0002566626086131461,-0.006020737605896311,7.481532432815542e-10,0.597389395807564,0.3210425210502037,-0.5037914150728016,0.0001796582071358062,9.654996247174533e-05,-0.0001515096569132041
75162.28940182053,8.798234584683524,-54.93916501405866,1764.920478493955,-2514.880241707145,0.0001869704926525196,0.0002664190276466798,-0.005325218602802936,8.419820302692639e-10,0.5817611651393266,0.3431157988054883,-0.4698059193691992,0.0001893177661605214,0.000111657361227749,-0.0001528850884411748
75335.55637337173,8.228996990949097,-50.08903764528947,1821.611865791345,-2177.776485601722,0.0002259789527015125,0.0002701627381091228,-0.004600800861083457,9.70078383972e-10,0.5636507423733631,0.3697479904471827,-0.4254275295961857,0.0001984899299074486,0.0001302069653953668,-0.0001498145468143652
75509.22276654342,7.745936527739332,-43.77940307250203,1901.695949153932,-1822.348995038032,0.0002741221542412981,0.0002626845960951533,-0.003841065236435721,1.156614360048753e-09,0.5437671496082505,0.3996656751711747,-0.3687140641242893,0.0002064127208633167,0.0001517121427934546,-0.0001399629846181337
75683.28950209744,7.424203736461513,-35.77909493845949,2009.482664483623,-1448.170340261235,0.0003275324027426044,0.0002360422010648318,-0.003045368001416747,1.452113232954349e-09,0.5246297445279166,0.4313709056475424,-0.2985892004146266,0.0002117676012800495,0.0001741235278857158,-0.0001205259888511121
75857.75750291836,7.340477589678582,-26.06255035695301,2148.77847776544,-1050.934715834739,0.0003755481237212604,0.0001836748481843065,-0.002204935400120948,1.996385437118293e-09,0.5098714360431709,0.4622079061515826,-0.2152503955482896,0.0002131173956483033,0.0001931948688310915,-8.997092299878218e-05
76032.62769401819,7.55982136344052,-15.17073371375652,2322.367987743911,-629.6997783303124,0.0004011057218187748,0.0001087580372487265,-0.0013181161223108,3.324195760011861e-09,0.5037630772345094,0.4886347612716409,-0.1225288050288126,0.0002093201909669718,0.0002030341765100564,-5.091233166270042e-05
76207.90100254123,8.117701866848082,-4.134144021393189,2537.555730046559,-183.4142858317664,0.0003920318895724548,2.833602753934016e-05,-0.0003830480808390458,1.138641405747149e-08,0.5087176655700845,0.508002729462104,-0.02696089987609299,0.0001999172347403676,0.0001996362772281819,-1.059516685606011e-05
76383.57835776907,8.988902020300287,5.927864404361614,2801.956134858772,290.9312839598602,0.0003530869020070482,-3.666153958384417e-05,0.0006061924950073256,-7.161923998543124e-09,0.523699465037029,0.5197662435777187,0.06406388777757635,0.0001858713334703501,0.0001844753551158095,2.27375451828484e-05
76559.66069112561,10.11426403982595,14.21060186266436,3128.786132426658,792.320644550559,0.0003003517045495139,-7.605980276956763e-05,0.001647104309967182,-2.62373011228093e-09,0.5445667174186406,0.5252361797231183,0.1438049555125893,0.0001686933584244874,0.0001627052338849153,4.454723384215458e-05
76736.1489361819,11.39759479826958,20.43211192922356,3528.493640266354,1314.486580042089,0.0002488685439898719,-9.271218673490559e-05,0.002726316602304961,-1.577843681425666e-09,0.5667105053083459,0.5271472371225786,0.2080302555420068,0.0001504773052693005,0.0001399721638814562,5.523778362183848e-05
76913.04402866098,12.76930623620981,24.78517271904006,4019.273296425076,1855.902945007279,0.0002050761222047035,-9.469407802870882e-05,0.003840390551785275,-1.114974335044714e-09,0.5873233066423652,0.5283693679510801,0.256465353481319,0.000132641691265378,0.0001193274739572454,5.792039555046895e-05
77090.34690644301,14.15800520523123,27.50493484978038,4613.188816108532,2401.979122132422,0.0001705366270981121,-8.879441838976973e-05,0.004958945780265464,-8.595099397456629e-10,0.6052022959511828,0.5312875342460229,0.289833357257863,0.0001163395684972558,0.0001021307468521882,5.571539953677017e-05
77268.05850957023,15.53665377879391,28.8553825460981,5334.233752568226,2939.237837812375,0.0001438063645129397,-7.923932986460646e-05,0.006054173481693399,-7.007859753501467e-10,0.61965522790292,0.5368166059183204,0.3095166119576694,0.0001017235334207783,8.812462074719421e-05,5.081071215571952e-05
77446.17978025188,16.85968792310408,29.06519861140462,6186.054400942165,3438.193943669759,0.0001235026201690528,-6.864245497548671e-05,0.007065623675645684,-5.977089523686835e-10,0.6313946373898127,0.5458138607949481,0.3174057615871616,8.919695263146954e-05,7.710697906493181e-05,4.483982758910641e-05
77624.71166286919,18.10878283264704,28.21023790122972,7180.739567436584,3851.930918947174,0.0001081430288705647,-5.801066487136651e-05,0.007897663425295482,-5.322818305991853e-10,0.6405942541031023,0.5584959515207959,0.3137567059439382,7.859867892906459e-05,6.852550377340774e-05,3.849685262453106e-05
77803.6551039804,19.27151964360772,26.64236983471341,8302.706672836122,4165.368067742305,9.622396262320557e-05,-4.827440460755402e-05,0.00852066547377938,-4.910963974690787e-10,0.6477624532668383,0.5732012690681568,0.3017225563343375,6.972117425409763e-05,6.169586607223133e-05,3.247556387451251e-05
77983.01105232586,20.30353561797697,24.46165603425211,9496.621725608778,4320.186856548263,8.724516123520555e-05,-3.968941901195995e-05,0.008817036993338637,-4.724083880730082e-10,0.6533826362526499,0.5893237040905206,0.2821461343940249,6.261385773367526e-05,5.647507068543825e-05,2.703815029486445e-05
78162.78045883297,21.22300876619208,22.10095393582056,10722.7372635144,4354.260058089189,8.00582607970781e-05,-3.250984135319121e-05,0.008866138175796989,-4.676336643645066e-10,0.6579025503826355,0.6045872613258967,0.2594417261013117,5.683661399777157e-05,5.22306727340767e-05,2.241333345304666e-05
78342.96427662121,22.05298887650935,19.9342115407458,11951.5723891507,4334.482032740074,7.394502138406879e-05,-2.681767353815133e-05,0.008805567259591847,-4.686870182923156e-10,0.661705532075953,0.6175021574562028,0.2377925497505227,5.203825320682165e-05,4.856198424796623e-05,1.870062786960812e-05
78523.56346100719,22.87959753385122,18.19162186143362,13268.90110038132,4360.442811702091,6.801871895569572e-05,-2.235239616964398e-05,0.008837933442698715,-4.648250628184313e-10,0.6656146186957898,0.6281266738132879,0.2202264794837284,4.764696121114826e-05,4.496344644820316e-05,1.576456140069346e-05
78704.57896950985,23.80502119287629,16.66831223856557,14871.44079588926,4452.682510633395,6.171077405070299e-05,-1.847692420018699e-05,0.009004132172038848,-4.541490414499276e-10,0.6694962075908418,0.6374456330578133,0.2046661595722245,4.31188645479974e-05,4.105464914796075e-05,1.318151217601354e-05
78886.01176185545,24.93069665133834,14.31558111252158,17106.52086780388,4365.352062720132,5.488323743689779e-05,-1.400545766175295e-05,0.008807231391234542,-4.621690477015598e-10,0.6738236348589685,0.6494730376568835,0.1795078389689233,3.815927237321801e-05,3.678027492787111e-05,1.016569939963087e-05
79067.86279998253,26.14975271925342,9.746674135088869,19999.71880201286,3435.385022679188,4.856768880453901e-05,-8.342552830716031e-06,0.006915053580825717,-5.8592862249554e-10,0.6779547744838943,0.665759430443942,0.1280119409292192,3.340234321665301e-05,3.280148740355286e-05,6.307056086451783e-06
79250.13304804718,27.20528540100213,2.644505167245182,22873.07256963912,1056.464342145814,4.362646056866444e-05,-2.015024427719531e-06,0.002121656024866155,-1.900926339375178e-09,0.6812892400472006,0.6798036522495495,0.04496690997017381,2.974803665132801e-05,2.968316945887062e-05,1.963449893612031e-06
79432.82347242814,27.85627423816077,-5.587492914716669,24562.87203987076,-2402.99740330945,4.032590035496083e-05,3.945101927893134e-06,-0.004814746577734823,8.33809483085985e-10,0.6835121800029059,0.6814563555717263,-0.05297297106285191,2.768932486130648e-05,2.760604267234461e-05,-2.145954157863959e-06
79615.93504173188,28.09206672715402,-13.6256781506684,24664.7428647834,-5978.731477027063,3.829365489103249e-05,9.282378540192329e-06,-0.01195168614786976,3.343575107222838e-10,0.6846784477011908,0.6684992379163536,-0.147964001202207,2.697273698116743e-05,2.63353610398701e-05,-5.829004988411772e-06
79799.46872679768,28.14294191506257,-20.05885002776919,24006.89273212957,-8765.729514796765,3.67544937761292e-05,1.342031034543846e-05,-0.01748268759611342,2.275265419121662e-10,0.6855203588511934,0.6485180150288856,-0.222176836286916,2.681763344162493e-05,2.537009759488427e-05,-8.691582792300108e-06
79983.42550070286,28.16656873358799,-25.35686981655606,23187.27237839409,-10988.74407522161,3.521749474157549e-05,1.669001986823766e-05,-0.02186594193728211,1.810806616682594e-10,0.6866827775099393,0.6263057057855039,-0.281557098701643,2.675611147149348e-05,2.440356133584082e-05,-1.097067432762635e-05
80167.8063387679,28.22218543621712,-30.16100011091529,22358.86681326167,-12992.80480563681,3.343472436420567e-05,1.942901896695106e-05,-0.02579425836734218,1.527978409534597e-10,0.6877479344810782,0.6014720139582593,-0.3335095767860121,2.658981489251331e-05,2.325420217545897e-05,-1.289419781145776e-05
80352.61221856173,28.28572906545067,-35.05745208126692,21358.2518524483,-14987.14821940712,3.137276762870116e-05,2.201436342977032e-05,-0.02968514222638469,1.321603345171577e-10,0.6889480593219146,0.5718240990893658,-0.3842741575282776,2.639925554571836e-05,2.191127518947954e-05,-1.47246973802194e-05
80537.84411990669,28.27900630530699,-40.16742336026752,19962.35147495703,-16850.04884312503,2.925231165541217e-05,2.469162416994622e-05,-0.03329824126817374,1.172786525395856e-10,0.6905304210859194,0.5365747687038039,-0.4346490308692251,2.642824287660864e-05,2.053599360106945e-05,-1.663505300147402e-05
80723.50302488382,28.21370021244167,-45.2650413679424,18289.87469343882,-18459.87453225305,2.708461538248829e-05,2.73363601498278e-05,-0.03639559942980425,1.068049514026742e-10,0.6917351488724593,0.4967201481098395,-0.4814214480549684,2.661378425216985e-05,1.911078666025474e-05,-1.852218522332809e-05
80909.58991783821,28.0334085436037,-50.22911285460779,16324.9907732897,-19614.11931556211,2.506835759774135e-05,3.011908329968348e-05,-0.03858237381546402,1.002885422841112e-10,0.6930820901234142,0.4541060485597672,-0.5235938123309659,2.715385846138874e-05,1.779115568670482e-05,-2.051357620388419e-05
81096.10578538408,27.79370308154297,-54.55339447890337,14435.04618308657,-20277.13239263978,2.329989554951651e-05,3.272972325823222e-05,-0.0397948313394729,9.678623473905263e-11,0.6940722368697168,0.4139502390176546,-0.5571189007838083,2.787934477639332e-05,1.662746443495894e-05,-2.237823254024287e-05
81283.05161640994,27.46988815226521,-58.64268653778278,12515.33470743988,-20537.8010495803,2.163654933833902e-05,3.550581395526529e-05,-0.04021370374606748,9.533803338229433e-11,0.6951233624478447,0.3737602865230215,-0.5860885063188209,2.889643234674247e-05,1.553729800618221e-05,-2.43638291948731e-05
81470.42840208396,27.12491431745687,-62.28101219932888,10783.85216309925,-20523.68277899489,2.006249470419973e-05,3.81826707967334e-05,-0.04009363432589353,9.518419432194281e-11,0.6959581113896443,0.3362468381472052,-0.6093404275485483,3.001219535785921e-05,1.450016262442336e-05,-2.627693197585254e-05
81658.23713585922,26.75258495198605,-65.33488362029925,9296.947323235494,-20245.47241362799,1.873204789113496e-05,4.079179387011407e-05,-0.03945917917011368,9.627027590240128e-11,0.696891702277234,0.3037432261143421,-0.6272145544329408,3.127493947494567e-05,1.363131600162419e-05,-2.814798506510508e-05
81846.478813479,26.37903816600638,-68.13445561626953,7972.242171155405,-19866.08803581218,1.739835721706282e-05,4.33550924234638e-05,-0.03863069195687338,9.788311369238694e-11,0.6977967051567567,0.2731306344188122,-0.6421214046187862,3.259125718887337e-05,1.275682542883882e-05,-2.999088945212231e-05
82035.15443298186,26.01799151548814,-70.42400209749941,6900.151036677436,-19403.59333871914,1.626966194285875e-05,4.575115854995509e-05,-0.03764456610031731,9.998571752138471e-11,0.698321485115978,0.2474770453949386,-0.6529992408702913,3.390183966925015e-05,1.20144192805489e-05,-3.170155299525117e-05
82224.26499470713,25.6524172503993,-72.48246141351137,5960.719565419231,-18884.8283480397,1.519944510729514e-05,4.815507736716222e-05,-0.03655385403841489,1.024960408189915e-10,0.6990172526668902,0.2241166296619579,-0.6621154399611383,3.52906686475002e-05,1.131477897808588e-05,-3.342763931636093e-05
82413.81150130021,25.30701765753126,-74.26409233220147,5175.90682867988,-18369.67452410884,1.421035179964489e-05,5.043358508428547e-05,-0.0354749337549454,1.051280648389508e-10,0.6995488764331609,0.2036094564147017,-0.6692621457825083,3.664665137840095e-05,1.066630941446194e-05,-3.506004707248718e-05
82603.79495771787,24.97236334610953,-75.89424935841214,4488.070225018499,-17860.16948595773,1.323413152367234e-05,5.266491390768507e-05,-0.03441166667468736,1.078784147059005e-10,0.7001840459720596,0.1846877492252715,-0.6753873951443768,3.801340098367253e-05,1.002680582121169e-05,-3.666717632118938e-05
82794.21637123344,24.63717939027812,-77.23231158911653,3926.369649943539,-17327.20452575626,1.243906101960323e-05,5.489400479604021e-05,-0.03330800593453682,1.109408859959384e-10,0.7006816609914059,0.1690186091516016,-0.6799908086218031,3.942985150243376e-05,9.511278846039733e-06,-3.826550357981527e-05
82985.07675144226,24.34178783656667,-78.41684222814507,3456.764960944019,-16865.21330679744,1.166310411937334e-05,5.690312792886606e-05,-0.03234535857712961,1.137177591677794e-10,0.7011025277282695,0.1550511969038826,-0.6837425544206257,4.071546829792995e-05,9.004363616476485e-06,-3.970731411946688e-05
83176.37711026709,24.04063625106905,-79.47158039236962,3046.272929409434,-16390.84073151353,1.096020393595924e-05,5.897270574965946e-05,-0.03136327181447227,1.167397882800824e-10,0.7015441511699145,0.1425615577552684,-0.6869063970375492,4.207123257647991e-05,8.549341396097697e-06,-4.119341418476059e-05
83368.11846196344,23.75870987137429,-80.37709363306125,2704.352756605958,-15950.31052177559,1.033276588611492e-05,6.094279824618184e-05,-0.03045013861683194,1.196881045487356e-10,0.7019689341302218,0.1318011243096472,-0.6894844799664692,4.338098371748846e-05,8.145178724622593e-06,-4.260945683578886e-05
83560.30182312484,23.49464099586986,-81.18867780480231,2409.502112083104,-15544.11884702435,9.738300039049318e-06,6.282347395167736e-05,-0.02960644344904909,1.225332699977589e-10,0.702304184204579,0.1221134413954324,-0.6916064448671827,4.463829680503522e-05,7.761503011785767e-06,-4.395835088640676e-05
83752.92821268826,23.22977269178767,-81.9120028665706,2151.568074424973,-15140.44196612899,9.200152123008914e-06,6.474086084178516e-05,-0.02877124693940368,1.255109390092638e-10,0.7024271994520376,0.1134261936429184,-0.6932088207212252,4.592247403285956e-05,7.415446663051212e-06,-4.531980551686099e-05
83945.99865193974,22.98681348401875,-82.62129212696034,1914.096335647451,-14780.72880639879,8.616865696455256e-06,6.65397831073035e-05,-0.02802308733967013,1.282697602260281e-10,0.702803889345652,0.1049260822714477,-0.6949272077984433,4.714443964126072e-05,7.038494560759827e-06,-4.661606786727758e-05
84139.51416451953,22.75374798617921,-83.17284270723955,1728.404064948073,-14436.6278066404,8.175849607575733e-06,6.82894122857689e-05,-0.02730774832514565,1.310250613272191e-10,0.7030965842634299,0.09830641662429418,-0.6961900999392286,4.834615124180056e-05,6.759721199807266e-06,-4.787124929637756e-05
84333.47577642757,22.52330982356781,-83.65718756970952,1567.454861955169,-14101.21721023511,7.786612987833049e-06,7.005032408812803e-05,-0.02661195215730373,1.338330973993597e-10,0.703255368904954,0.09247259916615104,-0.6971491463790939,4.955557198330316e-05,6.516171432287598e-06,-4.912529108776232e-05
84527.88451602899,22.31003231689323,-84.07285523714738,1432.310674368356,-13796.25590749419,7.444899125161632e-06,7.171051321076344e-05,-0.02597654414765444,1.36476818594317e-10,0.7032099795147698,0.08744095536247673,-0.6977523590891401,5.068716885638454e-05,6.302718389292074e-06,-5.029378517849813e-05
84722.74141405964,22.1066715195849,-84.52211556861864,1295.960404447701,-13513.73552150975,7.031776770541496e-06,7.332444046690666e-05,-0.02538607429348231,1.390095753304737e-10,0.7034331056329003,0.0820273697262118,-0.6986341279354641,5.180375467494257e-05,6.040838430690917e-06,-5.1450337894672e-05
84918.0475036314,21.91313044821096,-84.84503332537602,1194.999380175318,-13246.1719614739,6.755641884828765e-06,7.488405065402543e-05,-0.02482621547114216,1.41491301974254e-10,0.7034350484214528,0.07812308244886965,-0.6990834366056592,5.287797104613187e-05,5.872596341390827e-06,-5.255085569395272e-05
85113.80382023768,21.733486597664,-85.19336811332973,1093.530856831562,-13004.45961499832,6.420758794938441e-06,7.635678309833336e-05,-0.02431713702206534,1.437897144757537e-10,0.7036850169253485,0.07393215471887676,-0.6997904254445412,5.390844626259922e-05,5.663851714727579e-06,-5.36100863849437e-05
85310.01140175895,21.5458750961381,-85.48040035133168,1008.161927869877,-12754.13092786479,6.159187284589565e-06,7.791911087425465e-05,-0.02379419424118199,1.462747150327623e-10,0.7036830189536333,0.07045980722228447,-0.7001465608927162,5.498877265514575e-05,5.506027879474656e-06,-5.471241883804584e-05
85506.67128846832,21.37863223740292,-85.76344519630932,928.6363790151902,-12536.11590927098,5.876829202347558e-06,7.933418690504734e-05,-0.02333367425101136,1.484762986964103e-10,0.7039408554552954,0.06705932653542633,-0.7007394485140309,5.598669058862508e-05,5.333444900555169e-06,-5.573207235119812e-05
85703.78452303697,21.20789243208356,-85.95658631884056,870.4858310067008,-12314.43125730697,5.711738244247323e-06,8.080178385806879e-05,-0.02286833209143676,1.50801538716799e-10,0.703815926780059,0.06471998057317181,-0.7008339196299518,5.699829448254925e-05,5.241325709253657e-06,-5.675679764335652e-05
85901.35215053961,21.0553430487249,-86.19296616126108,806.6296826997054,-12121.88898748618,5.465309774347533e-06,8.213171395470162e-05,-0.02245900097810645,1.528445048076976e-10,0.7040686709315868,0.06188504984295527,-0.7013436632588235,5.794077810250894e-05,5.092781555056284e-06,-5.771652573705955e-05
86099.37521846007,20.90767671936634,-86.37098704779198,757.0790628567593,-11936.96851302542,5.291876504598915e-06,8.34377363070308e-05,-0.0220655206795621,1.548553033697081e-10,0.7040318297769278,0.05973738177518266,-0.701492881330734,5.884710090079537e-05,4.993200000612689e-06,-5.863488072966699e-05
86297.85477669702,20.76296766438562,-86.58402335347584,701.9517949045119,-11759.80248331942,5.057811010737312e-06,8.473353714028186e-05,-0.02168803268456249,1.568267361944574e-10,0.7039997582356556,0.0571610430550167,-0.7016753342912405,5.97445427515354e-05,4.850939706402073e-06,-5.954728182339554e-05
86496.79187756934,20.61978449575437,-86.74778499621375,658.343613692451,-11585.88571792471,4.888708442012611e-06,8.603412585676206e-05,-0.02131814304414324,1.588147704834134e-10,0.704036535759744,0.0551932204869742,-0.7018697543681859,6.065457434530372e-05,4.755039156840496e-06,-6.046790050619328e-05
86696.18757582165,20.48242112554049,-86.92224702501508,614.1512844375948,-11422.10729873414,4.693849169684781e-06,8.729713707154436e-05,-0.02096845187719117,1.607214700460941e-10,0.704283396893825,0.05310956444708836,-0.7022780626678763,6.155615258403852e-05,4.641910440023694e-06,-6.138088129390316e-05
86896.0429286302,20.345818124037,-87.01042031027791,588.0241772245703,-11259.34953746707,4.625787269465263e-06,8.857349369324284e-05,-0.02062212587009431,1.626697615196212e-10,0.7041223220492715,0.05205207604338776,-0.7021957175799575,6.243670979320122e-05,4.61561899727307e-06,-6.2265871800469e-05
87096.35899560805,20.21943567689961,-87.1771176313038,547.9797358547374,-11113.29261217757,4.426132076055834e-06,8.976408739755452e-05,-0.02030780016124318,1.64428608754399e-10,0.7043151331039504,0.05005788958596172,-0.7025339951984068,6.328388577549902e-05,4.497784610646718e-06,-6.312384757318454e-05
87297.13683881113,20.09374394254711,-87.31297862515777,514.806764231699,-10969.25675133087,4.269080254113396e-06,9.096352389482302e-05,-0.01999849590991728,1.662045580113477e-10,0.7042440512020213,0.04842240340631393,-0.7025773654920797,6.41156321001392e-05,4.408461806535229e-06,-6.39638940661114e-05
87498.3775227436,19.96379196743209,-87.46016745847895,480.0647125438622,-10822.62818234759,4.090539913217749e-06,9.2217551902991e-05,-0.01968579099673646,1.680689138254869e-10,0.7042426935342174,0.04665277203663509,-0.7026957309231553,6.499171506449437e-05,4.305395987791641e-06,-6.484895213041405e-05
87700.0821143635,19.83983463637767,-87.49653453662226,467.0379700888327,-10682.10194591206,4.085162720121396e-06,9.343592477861275e-05,-0.01938549299288529,1.698882775775163e-10,0.7042565991299023,0.04624322832244608,-0.7027367368028614,6.584976799148086e-05,4.323858462912994e-06,-6.570765703116003e-05
87902.25168308843,19.71305079629257,-87.61363569371053,439.344965822371,-10542.42001927764,3.946130372834524e-06,9.469043024853957e-05,-0.01908800088839816,1.717433052410499e-10,0.7040556533658786,0.04482974246738591,-0.7026269687585028,6.67089539843267e-05,4.247597775955871e-06,-6.657358676544859e-05
88104.88730080138,19.60522047769268,-87.69737409643706,419.1810373459852,-10424.78184752553,3.850933824799215e-06,9.577042245747815e-05,-0.01883159507399152,1.732818819799966e-10,0.7039832364485519,0.04383402256738708,-0.7026172326851509,6.745875112034287e-05,4.200367659170759e-06,-6.732785466836259e-05
88307.99004185628,19.49341014939681,-87.74372234881146,405.9495097293616,-10303.32828818414,3.818064779551597e-06,9.69055853165087e-05,-0.01856939136068907,1.749212587690534e-10,0.7039152016914584,0.04329726956849061,-0.7025823493514763,6.824946557694281e-05,4.197970866220279e-06,-6.812023628955398e-05
88511.56098308356,19.38159753679415,-87.79824430759112,391.5273202994156,-10183.60928333701,3.769789789164757e-06,9.805207530296723e-05,-0.0183114130850021,1.76570604293926e-10,0.7038692377468952,0.04266179036745713,-0.7025751742618284,6.904977987443084e-05,4.185134220883945e-06,-6.89228318647786e-05
88715.60120379608,19.27396987721334,-87.81950244266001,383.3817106417529,-10069.05426531743,3.775938191627705e-06,9.91704233630264e-05,-0.01806378739298032,1.781687160122649e-10,0.7037449853367429,0.0424295994725404,-0.702464756037776,6.982393879897511e-05,4.209766063793804e-06,-6.969691742890177e-05
88920.11178579481,19.16808331910385,-87.85885340166547,372.3102002918353,-9958.156126739925,3.749215728006042e-06,0.0001002800233328225,-0.01782374920388586,1.797385362857981e-10,0.7036296478428431,0.04197630715860255,-0.70237644533453,7.059170455757425e-05,4.211276603313183e-06,-7.046597690881916e-05
89125.09381337455,19.06178095527476,-87.85817384702644,368.2792426064103,-9847.212160215842,3.792657486067688e-06,0.0001014097418361784,-0.0175846377705331,1.813455223032091e-10,0.7036321361461446,0.04202091702557413,-0.7023762706341355,7.138716722239397e-05,4.263242220534328e-06,-7.125975308550467e-05
89330.54837332954,18.95446377566096,-87.91248908219325,354.945707390887,-9737.861204657971,3.738162220583243e-06,0.0001025556982562631,-0.01734937011006674,1.829601684535244e-10,0.7036369383071218,0.04139155831222791,-0.7024184506764509,7.219174303673971e-05,4.24669112561901e-06,-7.206672864204566e-05
89536.47655495937,18.84916183016084,-87.91220502150308,351.0839896000215,-9630.604127855415,3.780307965864509e-06,0.0001036978346466222,-0.01711881359289989,1.845723324124711e-10,0.7035684036057903,0.04142730486533202,-0.7023476895128189,7.298854254212411e-05,4.297689589345207e-06,-7.286190504383684e-05
89742.8794500748,18.73665118609287,-87.8432001391969,358.3754740241257,-9515.812239562421,3.952128026557533e-06,0.0001049394028702481,-0.01687586318537115,1.863692542651063e-10,0.7032631518349637,0.04229117612828662,-0.7019903967651789,7.383359319963906e-05,4.440030003054912e-06,-7.369997027368301e-05
89949.75815300351,18.62767837121172,-87.80393028928829,360.7208454342523,-9406.650445952309,4.070643382024752e-06,0.0001061516678880572,-0.01664390151960516,1.880984105932124e-10,0.7030709485693813,0.04279704555844038,-0.7017671776406463,7.46679678859218e-05,4.545157824928403e-06,-7.452950401391076e-05
90157.1137605957,18.5235182123046,-87.69000421957985,375.2221001678943,-9301.745580090712,4.329655836992309e-06,0.0001073320495435549,-0.01642043236195147,1.89782286649394e-10,0.7028364324530402,0.04421410294124854,-0.7014443412591035,7.547889063694534e-05,4.74823342447621e-06,-7.532939141617063e-05
90364.94737223013,18.42122065959783,-87.56857050110895,390.6346062547536,-9199.640491227223,4.607301863572913e-06,0.0001085042648571442,-0.01620283418985441,1.914473131108285e-10,0.702320496855157,0.04570366112143022,-0.7008318312284139,7.625381319898203e-05,4.962233699954029e-06,-7.609218267399278e-05
90573.26008981997,18.31797316467931,-87.33741192306354,422.9609639831478,-9095.072233733646,5.102109379206086e-06,0.0001097123784457286,-0.01598182181298398,1.932030504032156e-10,0.7020343275293339,0.04854760946202959,-0.7003537153789408,7.708516708110068e-05,5.330651849944198e-06,-7.690063156291951e-05
90782.05301781857,18.21615258946762,-87.00914936500881,469.7294685136483,-8990.441085589162,5.795646366040685e-06,0.0001109264389387223,-0.01576163009958732,1.950020298832322e-10,0.7014676649123401,0.05255352760432595,-0.6994962556396657,7.789721035036088e-05,5.83601126498006e-06,-7.767828752543015e-05
90991.32726322518,18.12846389511757,-86.62270792005771,525.1181313491155,-8898.312047708827,6.608941704377916e-06,0.0001119908494486426,-0.0155642344184092,1.965678556727853e-10,0.7007303311906646,0.05724665064754697,-0.698388013958012,7.859140670480877e-05,6.42057950579178e-06,-7.832870078490046e-05
91201.08393559097,18.05861786359526,-86.12457665961244,597.4910225033796,-8820.066430810573,7.645383042531969e-06,0.0001128599155207277,-0.01539189130530258,1.978555675035149e-10,0.699878170915736,0.06327590763869136,-0.6970119178585514,7.914847471771815e-05,7.155804801611118e-06,-7.882433322129981e-05
91411.32414702499,18.0168311779404,-85.6091882308734,673.169159414693,-8766.993480601361,8.707025647088255e-06,0.0001133956242882886,-0.01526408638658297,1.985955203506197e-10,0.6992328611686286,0.06951562948826849,-0.6957687628766589,7.950240759551681e-05,7.903890415845926e-06,-7.91085414464076e-05
91622.04901219998,17.99101114514255,-85.03819071873957,757.5993709294409,-8726.389558529001,9.874368312710638e-06,0.0001137376664336393,-0.01515844765052635,1.990607037086971e-10,0.6983112997509692,0.07638189858223549,-0.6941213704597065,7.970196789683179e-05,8.717870713063663e-06,-7.922374907095669e-05
91833.2596483581,17.99943826313826,-84.51336656307527,837.3756746576316,-8717.795843956555,1.091737919588372e-05,0.0001136592402444532,-0.01510869054136286,1.987986529366568e-10,0.6975172476146699,0.08267932358723303,-0.6925997691099113,7.962300507777722e-05,9.438012069703245e-06,-7.906166495709455e-05
92044.95717531712,18.03843200581502,-84.0349112861748,913.0220477933423,-8738.037544925528,1.182871622836718e-05,0.0001132062109141281,-0.01510894144421852,1.978819699633422e-10,0.6969687246072243,0.08842717362115618,-0.6913364145233453,7.930955589878818e-05,1.006231645936648e-05,-7.866864333604953e-05
92257.14271547629,18.10196847804052,-83.61974083432274,982.0623404445993,-8782.598585932714,1.257466580133264e-05,0.0001124554292911414,-0.01515106513166052,1.964251521106012e-10,0.6966310188276401,0.09342578127539537,-0.6903378881286452,7.880704154221322e-05,1.056887968967322e-05,-7.809512519191793e-05
92469.81739382225,18.1851536119564,-83.46939349961542,1013.644978150292,-8854.591787361001,1.276128348926079e-05,0.0001114748836287732,-0.01524013014990072,1.943800043070802e-10,0.696561727779612,0.09526429584313283,-0.6900166335276494,7.813521861007158e-05,1.06860544939282e-05,-7.740103763255679e-05
92682.98233793494,18.27376799080535,-83.5727822370735,1007.212837871874,-8941.159812785068,1.244105190063e-05,0.0001104408413992401,-0.01535373318038889,1.920552901091549e-10,0.6968457231441243,0.09409429151173941,-0.6904637761455421,7.74260323574608e-05,1.045474976350469e-05,-7.671693876844322e-05
92896.63867799363,18.34536101287551,-83.97807530757267,951.8088175834015,-9022.64259122465,1.156314349670636e-05,0.0001096124653128497,-0.0154580207484412,1.898831280120643e-10,0.6974625052217899,0.08932389082606984,-0.6917190099440289,7.685389095103462e-05,9.842663244938007e-06,-7.622101110953769e-05
93110.787546783,18.38011451416953,-84.56178753565675,863.9338182253715,-9074.862007851281,1.039637779232492e-05,0.0001092047699216546,-0.01551172731409546,1.883562787561785e-10,0.6983670899974191,0.08241632309533939,-0.6934869444185001,7.658891344004701e-05,9.038479513144331e-06,-7.605371489952009e-05
93325.4300796991,18.3748475639022,-85.27445815848053,751.5757787863545,-9091.959454657432,9.030259347320193e-06,0.0001092408166525219,-0.01550520890569775,1.875696816483263e-10,0.6992439231896749,0.07391436004208581,-0.695326348916289,7.662548403630302e-05,8.099782390131797e-06,-7.619618316576126e-05
93540.56741475521,18.32902303491451,-85.89270397563719,651.0429742912052,-9066.328792034334,7.879760808770019e-06,0.0001097323911262127,-0.01542593852943663,1.87667326398183e-10,0.7001445751266558,0.06653049833669893,-0.6969764119899295,7.700513265960479e-05,7.317331351743079e-06,-7.665668345168692e-05
93756.20069258803,18.26270868200335,-86.45908333425162,558.0944146057736,-9019.058544806485,6.834795064213592e-06,0.000110453384252986,-0.01531021669860208,1.882170341096065e-10,0.700684616913595,0.05972139651794402,-0.6981348631727955,7.751954180857934e-05,6.607216973924808e-06,-7.723745235358012e-05
93972.33105646375,18.18712208448932,-86.92413916278677,481.473214833832,-8960.053319679248,5.979966100266012e-06,0.000111285142054579,-0.01517507079117849,1.890207741678838e-10,0.7011722938103144,0.05412843744164293,-0.6990798937656154,7.812089150616795e-05,6.030702904414708e-06,-7.788776741053212e-05
94188.95965228413,18.11127815671184,-87.29415982008641,420.5498302280067,-8898.461360934845,5.299301954113567e-06,0.0001121285286289143,-0.01503609464138157,1.898913633863655e-10,0.7014758409210423,0.04967214190111991,-0.6997149660503471,7.872123728149773e-05,5.574322365463221e-06,-7.852362784089746e-05
94406.08762859236,18.03299188650011,-87.58770476209571,372.1118552484808,-8833.014844003756,4.760861192578753e-06,0.0001130110664069234,-0.01489117926756993,1.908583528136069e-10,0.7017985242098025,0.04614599334366993,-0.700279741161618,7.935905500074164e-05,5.218167746858036e-06,-7.91873117107557e-05
94623.7161365793,17.95680384845346,-87.86503516466776,326.921877790393,-8769.499836720832,4.245131932962705e-06,0.000113873332811466,-0.01475009970484705,1.917985445796101e-10,0.7020260609365107,0.0428080113081917,-0.7007196760487543,7.997501053403344e-05,4.87670094575488e-06,-7.982618679233296e-05
94841.84633008968,17.87576381340289,-88.13674886817105,283.0825678456453,-8701.842781203,3.734489957635226e-06,0.0001147966995164556,-0.01460263951227608,1.928452291214479e-10,0.7024207107998538,0.0395451042538206,-0.7013066659387506,8.065537139336756e-05,4.540761713516954e-06,-8.052745132973671e-05
95060.47936562814,17.79123330198401,-88.32626880185586,252.1648035731414,-8629.74236893687,3.383125828478366e-06,0.0001157794580677716,-0.01444834030704964,1.940091893888187e-10,0.7024887819116512,0.03726724101487416,-0.7014995662570681,8.134531938165373e-05,4.315393641701261e-06,-8.123077226655189e-05
95279.61640236521,17.71073469163688,-88.48491921455432,226.4376779851341,-8561.193101068438,3.087282673343256e-06,0.0001167244928461492,-0.01430060544162151,1.951128347798198e-10,0.7025985781158539,0.0353687754115717,-0.7017077822685919,8.201567841900293e-05,4.128664931273289e-06,-8.191169411271249e-05
95499.25860214359,17.63597023988947,-88.65752021594324,199.1637789887707,-8498.5679333473,2.756007589344104e-06,0.0001176022961694364,-0.0141633465598877,1.96098549522684e-10,0.702753968821608,0.03330079865454755,-0.7019645272401526,8.264441748675799e-05,3.91620001985007e-06,-8.255157853808779e-05
95719.40712948442,17.55961519244163,-88.78191651134438,179.331175663606,-8434.045422394325,2.51992503904509e-06,0.0001185134830109089,-0.01402348864760315,1.971442868869873e-10,0.7028172893878506,0.03181831762403205,-0.7020966720659356,8.328810179218303e-05,3.770663182510212e-06,-8.3202704278822e-05
95940.06315159332,17.48540620650709,-88.80287563909037,174.9025439222569,-8369.823246142019,2.495594088346734e-06,0.0001194246861432933,-0.01388469736906602,1.982000889149567e-10,0.7029041983718092,0.03160426772132087,-0.7021933368741936,8.393809029180422e-05,3.774058945363355e-06,-8.385320197173153e-05
96161.2278383665,17.41736034571307,-88.89252095026805,160.6999606738596,-8312.827954975315,2.324641123465016e-06,0.0001202510668664316,-0.01375843143694709,1.991000363643755e-10,0.7029150013386226,0.03054501567342948,-0.7022510242957184,8.451744107915586e-05,3.672686679790055e-06,-8.443760547955321e-05
96382.90236239704,17.34915830027856,-88.93482887958881,153.4876965642187,-8255.184440169702,2.251489361253286e-06,0.0001210941356100764,-0.01363160246874758,2.000291782364412e-10,0.7028507448604364,0.03006277195228,-0.7022075186819174,8.510089850490369e-05,3.639988892940641e-06,-8.502301692601356e-05
96605.08789898131,17.2763181202139,-88.99415680334307,143.8696872770779,-8194.397576917643,2.141910826027624e-06,0.0001219969905750317,-0.01350010551608271,2.01049547673818e-10,0.7028178889276723,0.02937342167035185,-0.7022038073779761,8.572966652031548e-05,3.582967485648363e-06,-8.565476090493329e-05
96827.78562612491,17.2160671142056,-89.0429412620299,136.0565820903969,-8144.477011946686,2.050557592770445e-06,0.0001227483369007135,-0.01338700216025482,2.018166206625141e-10,0.7028785269435626,0.02881724778212471,-0.7022875407328654,8.626371907729368e-05,3.536717757003798e-06,-8.619118781263857e-05
97050.996724549,17.15862804384296,-89.10831462744595,126.0313768854034,-8097.568053319096,1.921605691849539e-06,0.0001234639598958401,-0.01327928641852637,2.025188837954208e-10,0.702771251511065,0.02805098805034281,-0.7022112032856127,8.675167877916407e-05,3.462677648735884e-06,-8.668254515474388e-05
97274.72237769651,17.10335801812373,-89.10624667565226,125.6042398380473,-8051.448781247914,1.937093351787574e-06,0.000124171030584026,-0.01317328737892787,2.032104778545221e-10,0.7027067207026118,0.02811317246522534,-0.7021441339600858,8.724041857183232e-05,3.49022552508975e-06,-8.717057392476269e-05
97498.96377173866,17.043579802726,-89.13473124508948,120.8611855579779,-8002.495590896528,1.886847984432086e-06,0.000124932521606504,-0.01306307965840618,2.039833350740378e-10,0.7027195765131973,0.02780411638612889,-0.7021693060273099,8.777624413764293e-05,3.472994049845506e-06,-8.77075102100204e-05
97723.72209558106,16.99076911328599,-89.16138707409098,116.5086571032217,-7959.545368564009,1.838605816987052e-06,0.0001256084035218827,-0.01296308575856473,2.04612362153243e-10,0.7025363578094335,0.02750986898087955,-0.7019975364292949,8.822736963231123e-05,3.454801096245729e-06,-8.815970225461207e-05
97948.99854086991,16.93366314376901,-89.16289362037341,115.6173197571045,-7912.868983765453,1.846129829413458e-06,0.0001263494388025917,-0.01285742816736745,2.053459570266292e-10,0.7023742321947134,0.02752473957097119,-0.7018347033046053,8.87272351374892e-05,3.477055290568639e-06,-8.865907929619857e-05
98174.79430199844,16.8731276446951,-89.20207868409753,109.5301604792215,-7864.447395881794,1.770569868103632e-06,0.000127129856539158,-0.0127493588006967,2.061350864709685e-10,0.702265691537076,0.02708032267828575,-0.7017433702099988,8.926048158545505e-05,3.442005885924289e-06,-8.919409267630129e-05
98401.11057611335,16.81821926860216,-89.25238883990076,102.0575364071357,-7821.090098149456,1.668155603678373e-06,0.0001278376466197869,-0.01264990956097732,2.06801099145141e-10,0.7023629196661269,0.02650764871635091,-0.7018625331797222,8.976867337504431e-05,3.38793007565043e-06,-8.97047192143083e-05
98627.94856312104,16.76644809579458,-89.26988584298398,99.14359206984948,-7779.8819044563,1.637751920118417e-06,0.0001285157846443678,-0.01255431832258954,2.074183270117688e-10,0.7022974183517088,0.02633080660801448,-0.7018036423721712,9.023596909481543e-05,3.383161875916891e-06,-9.017252538440868e-05
98855.30946569391,16.70976357035731,-89.30114276702636,94.35462830718286,-7735.276422931723,1.576692196424126e-06,0.0001292586298312144,-0.01245363031632624,2.081346052461372e-10,0.7023810794122767,0.02599107810399299,-0.7019000246298237,9.076761539216986e-05,3.358786633240633e-06,-9.070544943019264e-05
99083.19448927676,16.65786013075052,-89.32041054601088,91.26933205236718,-7694.501823443813,1.541355293269592e-06,0.0001299446467717416,-0.01235949250670575,2.08756316308174e-10,0.7022660575096036,0.02579094942149405,-0.7017923072092055,9.123390648383508e-05,3.350594895607254e-06,-9.117235988032061e-05
99311.60484209335,16.59818989597536,-89.302845499708,93.05275006413008,-7647.181123080003,1.590970621275461e-06,0.0001307477800925572,-0.01225523118262359,2.095650016315948e-10,0.7022224157950226,0.02604469812884936,-0.7017392642173977,9.179228734977224e-05,3.404480348117023e-06,-9.172913130768459e-05
99540.5417351527,16.541060490532,-89.30768202055224,91.86817227403013,-7602.579340991015,1.589204343447351e-06,0.0001315151026850401,-0.01215573133594608,2.103096354008394e-10,0.7019437290925402,0.02601544498169718,-0.70146147109784,9.229412125919333e-05,3.420605575972157e-06,-9.223071221941371e-05
99770.00638225536,16.48677703663095,-89.29816932348609,92.61140675592443,-7560.195822639841,1.620067936546212e-06,0.000132251860492184,-0.0120601629642657,2.110022502979234e-10,0.7020605657902191,0.0261766512387551,-0.7015723918225455,9.282666204184117e-05,3.461084807109265e-06,-9.276211553100863e-05
100000,16.43662939145459,-89.26430948561251,96.57391856379104,-7520.789979343503,1.707109294488479e-06,0.0001329428345309665,-0.01196970901168512,2.116199807853006e-10,0.7019149240769833,0.02662621398581793,-0.7014097271714862,9.329285115514151e-05,3.538940878725953e-06,-9.322570447098949e-05
100230.5238077899,16.39472690523473,-89.23204585174464,100.3693686933281,-7487.942939584073,1.789773679138481e-06,0.0001335240358550672,-0.01189002199280375,2.120594376341214e-10,0.7016340702173167,0.0270509208421628,-0.7011124133627286,9.366377404639743e-05,3.611129283848147e-06,-9.359413610857214e-05
100461.5790278395,16.33690659746108,-89.19152483934458,105.0313656551055,-7442.967769052951,1.895571897255881e-06,0.0001343282594413477,-0.01179142437518493,2.128501660462041e-10,0.7016279703307341,0.02758716511731867,-0.7010854135347671,9.422787677476407e-05,3.704926407102082e-06,-9.41550119844827e-05
100693.1668851804,16.28999063233773,-89.11467569176483,114.4426023234119,-7405.824268929686,2.086110090703098e-06,0.0001349966220947038,-0.01170559608492713,2.134257071602443e-10,0.7014595682576866,0.02856136605717373,-0.7008778597367792,9.467572571936692e-05,3.854916493214126e-06,-9.459721274603782e-05
100925.2886076685,16.24792581506811,-89.08505061023298,117.755386533521,-7373.427680429095,2.16536533714395e-06,0.0001355875530211423,-0.01162758590101998,2.138704122935987e-10,0.7012028784754496,0.02895397618340492,-0.7006048415800643,9.505599204100604e-05,3.925039406040571e-06,-9.497492136643669e-05
101157.9454259898,16.20209221665356,-89.08173595628914,117.6281162194747,-7338.866867741144,2.183441533875793e-06,0.0001362258212204372,-0.01154646759358012,2.143833841911187e-10,0.7011527077996275,0.02903332921689838,-0.7005513439065926,9.549657470763533e-05,3.954321878430577e-06,-9.541466930914103e-05
101391.1385736679,16.17300586794632,-89.02997680607209,123.8730681180842,-7316.037311791302,2.313665570939572e-06,0.0001366468426201004,-0.01148407561446131,2.145577567727103e-10,0.7010254527161411,0.02970176998524895,-0.7003959524551909,9.577561544951065e-05,4.057920135788418e-06,-9.568961176065094e-05
101624.8692870695,16.13483101694559,-89.01443503930597,125.3624311273443,-7287.221096841977,2.360016311984768e-06,0.0001371859216747061,-0.01141253383253811,2.149107725125502e-10,0.7006783047355752,0.0299180073815988,-0.7000392842986987,9.610614141046127e-05,4.103601080127995e-06,-9.601849235945517e-05
101859.1388054117,16.09680329274745,-88.97275898218243,130.1429706724198,-7258.125262548357,2.469631697754029e-06,0.0001377323425310238,-0.01134082348095956,2.152760283818399e-10,0.7007102034188761,0.03046973228737069,-0.7000474159581326,9.649441949938259e-05,4.195970195704197e-06,-9.640314740006983e-05
102093.948370768,16.05781085120462,-89.00388327982687,125.7075519382033,-7229.862073951641,2.404197103888569e-06,0.0001382734226520709,-0.01127068063587098,2.156205350700382e-10,0.7010149243659047,0.03014379567923673,-0.7003665295870324,9.691454878322409e-05,4.167346878541029e-06,-9.682490891216907e-05
102329.2992280754,16.01732434758326,-88.96549856291279,130.0002553230129,-7199.271342036451,2.507411034472393e-06,0.0001388576688432669,-0.01119718037148992,2.160387168356246e-10,0.7005062866565109,0.03063210745438661,-0.6998362177239734,9.725443304948019e-05,4.252793016043143e-06,-9.716140437096675e-05
102565.1926251407,15.97764618852409,-88.95508188767886,130.774812255259,-7169.953320821732,2.543003719267285e-06,0.0001394245393847946,-0.01112593350180297,2.164231946328965e-10,0.7004812881066471,0.03079966361090499,-0.6998038408790014,9.764815183337955e-05,4.293519726735049e-06,-9.755371466443953e-05
102801.6298126474,15.93900278619527,-88.94979715117942,130.9169371771737,-7141.618326209213,2.565999962169323e-06,0.0001399772462602016,-0.01105647702632073,2.167821381252666e-10,0.7003663324532926,0.03090065421353946,-0.6996843211072057,9.80191755975683e-05,4.324674832422297e-06,-9.792372527850818e-05
103038.6120441616,15.90143822557113,-88.95820041776911,129.3752094933256,-7114.455288242159,2.555195682752883e-06,0.0001405124328598101,-0.01098909141016689,2.171093250980814e-10,0.7004230890321571,0.03084213852838033,-0.6997437146129613,9.840149941784242e-05,4.332970634419073e-06,-9.830605501779076e-05
103276.1405761397,15.86353760575072,-88.9451356992865,130.4877865231644,-7086.74536545264,2.597341118488064e-06,0.0001410606741396236,-0.01092111449027123,2.174569554335307e-10,0.7003535606264426,0.03104031642092498,-0.6996653547508445,9.877588890346399e-05,4.377838592809024e-06,-9.867882628976073e-05
103514.2166679343,15.82174070704457,-88.91405165034743,133.7510728410505,-7056.002544597943,2.685491583794816e-06,0.0001416723996769083,-0.01084872899192431,2.179020935688455e-10,0.7000533772698675,0.03144820235565535,-0.6993466533812436,9.916257247328739e-05,4.454638384017279e-06,-9.906246502277042e-05
103752.8415818013,15.77980009309628,-88.89294776043992,135.76142662933,-7025.493901076098,2.749543065458415e-06,0.0001422856146751108,-0.01077697791184499,2.183450097105543e-10,0.6999016580446744,0.03174078293706051,-0.6991815598485323,9.957075066216799e-05,4.515568076345833e-06,-9.946830667290719e-05
103992.0165829059,15.74726156324789,-88.87308915789235,137.7320367796568,-7001.837684322253,2.808295978371267e-06,0.0001427644073945391,-0.01071598681133929,2.185788279344184e-10,0.6997542224983129,0.03201832756926664,-0.6990213148423198,9.988528071016231e-05,4.57040419950283e-06,-9.978066299639971e-05
104231.7429393304,15.70287477869296,-88.85139598634822,139.7424823728455,-6969.836223619401,2.875469475834573e-06,0.0001434177422089229,-0.01064247662226709,2.190773900738142e-10,0.6994298877503971,0.03231004885530728,-0.6986832104906348,0.0001002964751270946,4.633179205129982e-06,-0.0001001894034984391
104472.02192208,15.66693029763218,-88.80517554813036,144.8171949591975,-6943.456211562679,3.002478127288428e-06,0.000143957873295887,-0.01057781172299459,2.194039442362161e-10,0.6994136347762069,0.03291502052030561,-0.6986387005706263,0.0001006733681655208,4.737777209728949e-06,-0.0001005618243912742
104712.85480509,15.63340148038982,-88.77714174055396,147.6989627434419,-6919.233811885609,3.083639414039729e-06,0.0001444588485996947,-0.01051666737211946,2.196656375744054e-10,0.6994282124695683,0.03329975719606405,-0.6986350625105061,0.0001010267011654112,4.809878353704365e-06,-0.00010091213712229
104954.2428652322,15.59831457869287,-88.76271200230946,148.9033977357573,-6894.280103399995,3.131296682430474e-06,0.000144980146482841,-0.01045463935102806,2.1995366737214e-10,0.6994921153278645,0.03352107975378181,-0.6986884546190749,0.0001014009189423678,4.859337534320414e-06,-0.000101284417365576
105196.1873823223,15.56005982837634,-88.71186952749473,154.3992619770189,-6866.490427271847,3.273075712478074e-06,0.0001455612077395281,-0.0103885503874938,2.203359247926009e-10,0.6991739250059884,0.03416792285974106,-0.6983385500283729,0.0001017628369516588,4.973046960987435e-06,-0.0001016412504270472
105438.6896391259,15.52992943175865,-88.68428402975078,157.2113654367384,-6844.915296963821,3.3536578175105e-06,0.0001460168202985119,-0.01033209069920828,2.20522066388333e-10,0.6990248218170606,0.03453926112004211,-0.6981709969324527,0.0001020605418597851,5.042876297561072e-06,-0.0001019358798625903
105681.7509213658,15.50511338958423,-88.66061481075401,159.6255761886725,-6827.166562297176,3.422820550430952e-06,0.0001463936204247454,-0.01028159825351288,2.205868572187533e-10,0.6989173748555337,0.03486489348257775,-0.6980472305491937,0.0001023089975814642,5.103596549913145e-06,-0.0001021816240249672
105925.3725177289,15.4674688856633,-88.6859432307801,156.0194154874575,-6801.598564574771,3.370762836791637e-06,0.0001469469399088158,-0.01021953481728501,2.209068259675579e-10,0.6989666532425831,0.03460141675742421,-0.6981096792793496,0.0001027017142605315,5.084112096542651e-06,-0.0001025757959571441
106169.5557198725,15.43095488891795,-88.625573888437,162.556421282276,-6775.198917771268,3.53924066864489e-06,0.0001475122259630443,-0.01015645578323093,2.212575408527687e-10,0.6985631642998082,0.03535930070659096,-0.6976676962351789,0.0001030396599292359,5.215577497268447e-06,-0.0001029075763474321
106414.3018224316,15.40161667100063,-88.5898976526323,166.2632350957068,-6754.302813658094,3.642269643071813e-06,0.0001479641129570241,-0.01010184403339836,2.214316031443084e-10,0.6984917377525014,0.03583288485826586,-0.6975720121043013,0.0001033461370234024,5.30169510726311e-06,-0.0001032100579723192
106659.6121230258,15.3721405507332,-88.55310990084111,170.0735359821457,-6733.354756088117,3.74883877434829e-06,0.0001484196894319616,-0.01004735224225889,2.216096333294976e-10,0.6986624878833622,0.0363325779230324,-0.6977171459530258,0.0001036911670905926,5.392256595402141e-06,-0.0001035508652857065
106905.4879222658,15.33997321884101,-88.49613831889894,176.1662041405955,-6710.232803661654,3.909742826065417e-06,0.0001489234821930261,-0.009989821296888806,2.218618059801912e-10,0.6981651122634696,0.03704297919259893,-0.6971817135255339,0.0001039715570216776,5.516483358628056e-06,-0.0001038251081428088
107151.9305237606,15.30301302389945,-88.41171513215038,185.3161091333696,-6683.379834964755,4.145597293230461e-06,0.0001495099453740466,-0.009926960084582567,2.222409002650901e-10,0.6981202594643093,0.03811086569334918,-0.6970792340836285,0.0001043782705108865,5.698081662601906e-06,-0.0001042226233608141
107398.9412341245,15.27886340011179,-88.37124434883042,189.5510235597718,-6666.16138968355,4.262098519967201e-06,0.0001498901776379675,-0.00987861262341172,2.223024800477159e-10,0.6980481139289125,0.03864244222675273,-0.6969777119954871,0.0001046348109565303,5.792358086231688e-06,-0.0001044743616956318
107646.5213629835,15.26249158087342,-88.26339877742041,201.7049778216323,-6652.825433466362,4.55308051310714e-06,0.0001501740322194996,-0.00983617528794343,2.222357912451784e-10,0.6977214253439948,0.03997883681126809,-0.6965751072147739,0.0001047895194569949,6.004349222667108e-06,-0.0001046173560096037
107894.6722229828,15.25072606848806,-88.12439199837539,217.504855902499,-6641.930727954526,4.925097062503131e-06,0.000150397348058574,-0.009797481981716791,2.220883562891951e-10,0.6973138985626943,0.04168769550044372,-0.6960666700629803,0.0001048918971960864,6.270779171026594e-06,-0.0001047042856142124
108143.3951297938,15.23360812231644,-88.07619563255003,222.6752804037871,-6629.342905878803,5.061058141861528e-06,0.0001506745150523644,-0.009756422864803512,2.219982995898567e-10,0.697281674383207,0.04231468056539457,-0.6959965526059,0.0001050831001006072,6.376989352992616e-06,-0.0001048894271771281
108392.6914021203,15.23602993765073,-87.98197911835985,233.5737026776247,-6628.897218982322,5.308875117973874e-06,0.0001506675927213988,-0.009733329304788504,2.215026091618402e-10,0.6969736619681711,0.04348342270006535,-0.6956158979117786,0.0001050376208579187,6.5531820159119e-06,-0.0001048329986261874
108642.5623617066,15.2418565119295,-87.99907691523991,231.7399636463594,-6633.100347828673,5.260633285677582e-06,0.0001505752738024789,-0.009717100604335571,2.208531328178834e-10,0.697127447304177,0.04332900769673044,-0.6957796166005833,0.0001049951442959414,6.525830295322115e-06,-0.0001047921460066651
108893.0093333433,15.23751573450246,-88.03501321370274,227.4983007085154,-6630.874967227605,5.168036478060484e-06,0.0001506323502433426,-0.009691499339760061,2.204191345111213e-10,0.6973148922688946,0.04294786723391402,-0.6959910485631537,0.0001050607235379161,6.47072657709054e-06,-0.0001048612670525917
109144.0336448757,15.24053441486452,-88.16608903762351,212.4631059440307,-6635.590322728715,4.820359022380868e-06,0.000150548150648869,-0.009676085489301538,2.197559114906753e-10,0.6975449407004914,0.04141303136479917,-0.6963145159552759,0.0001050284883264126,6.235509466804028e-06,-0.0001048432247778596
109395.6366272094,15.23306181224962,-88.36662148182538,189.1910302001735,-6634.65986009041,4.294476387080747e-06,0.0001506011679059222,-0.009652477420695716,2.192812352007495e-10,0.6978893463884523,0.03903894462756221,-0.6967965991628169,0.0001051060334526745,5.879483103182037e-06,-0.0001049414596172272
109647.8196143185,15.2122403023717,-88.61046056063397,160.7153124874062,-6625.579276963488,3.658929883787789e-06,0.0001508414452778821,-0.009617096778441206,2.190767435861162e-10,0.6981924917294623,0.03613296139643652,-0.6972568856656196,0.0001053074443360002,5.449886479765358e-06,-0.0001051663281185449
109900.5839432521,15.17904113553021,-88.81979691287135,136.1227821887884,-6607.471125582689,3.116563549189185e-06,0.0001512796266076255,-0.009568754352719921,2.19171892501574e-10,0.6985837945403185,0.03364829469635291,-0.6977729646943749,0.0001056637006046039,5.089444336438465e-06,-0.0001055410592224925
110153.9309541415,15.13395693621943,-89.01358845371296,113.3133379270292,-6581.162397538116,2.615454014553464e-06,0.0001519038087480391,-0.009508734892945006,2.195419533671013e-10,0.6985955285381347,0.03133291356952053,-0.6978925139451782,0.0001060944807595996,4.75847476836839e-06,-0.0001059877151632577
110407.8619902073,15.08761196099494,-89.15192052425047,97.00382975621659,-6553.046377741501,2.258433168005547e-06,0.000152567350466094,-0.009446335655159272,2.199768050506445e-10,0.6988937336801071,0.02970500739354725,-0.6982621739096783,0.000106599096578048,4.53077027221671e-06,-0.0001065027676259936
110662.3783977666,15.03485828974284,-89.28088505798829,81.84468474147202,-6520.66659091217,1.92458934115452e-06,0.0001533343974350097,-0.009378040985777278,2.205607027443112e-10,0.6990146541024143,0.0281827124891365,-0.698446290967797,0.000107150081314326,4.320052401114345e-06,-0.0001070629584539784
110917.4815262401,14.98700922435508,-89.36597781765305,71.82919431073366,-6490.848127682084,1.704688057853342e-06,0.0001540442071608468,-0.009313685725319912,2.210643359332647e-10,0.699108746617913,0.0271937491616375,-0.6985796587392187,0.0001076585065286219,4.187672426956365e-06,-0.0001075770302044904
111173.1727281591,14.94161906450026,-89.47534357662866,59.1853038590819,-6463.226576527242,1.416702641085948e-06,0.0001547085097797971,-0.009252721971805974,2.214984802167206e-10,0.6992195302763003,0.02590917792376499,-0.6987393405406087,0.0001081376277003487,4.006977658697637e-06,-0.0001080633640726677
111429.453359173,14.89123351479835,-89.54843789514001,50.69199796259309,-6431.844858976951,1.22529683576145e-06,0.0001554667298698414,-0.009186618722850511,2.220672790613818e-10,0.6991931606786961,0.02506173299048458,-0.698743862570097,0.0001086621313925268,3.894862644956411e-06,-0.0001085923056378475
111686.3247780561,14.85169874603986,-89.60115314592187,44.60276179660045,-6407.243031281119,1.08642139819985e-06,0.0001560658051713119,-0.009130432056439614,2.224072469419672e-10,0.6990980804618199,0.02446054463543978,-0.6986700278826471,0.0001090650749096719,3.816047000491385e-06,-0.0001089982951717245
111943.7883467151,14.80106882944843,-89.60887824606601,43.51762728865834,-6374.837561612441,1.070795961392768e-06,0.0001568594323911719,-0.009063360498361024,2.230236959815011e-10,0.6991036043890582,0.02441166579990025,-0.6986772647243122,0.0001096202590824216,3.82777761810727e-06,-0.0001095534085266339
112201.8454301964,14.75692419424681,-89.62042094128817,42.04762926347279,-6346.810748799001,1.043785732422129e-06,0.000157552533211064,-0.009002760156637176,2.234933385497844e-10,0.6991968918790807,0.02431938939670448,-0.6987738267227375,0.0001101189707734299,3.830145930720899e-06,-0.0001100523407581542
112460.4973966926,14.71496667209502,-89.64369478178129,39.30591719630834,-6320.519653522235,9.838651273649213e-07,0.0001582087206582014,-0.00894484702676694,2.239068321400856e-10,0.6990734756645139,0.02407663554259923,-0.698658743592759,0.0001105575941625715,3.807689740464786e-06,-0.0001104920048051271
112719.745617551,14.67375509894457,-89.64804187705252,38.66641230707155,-6294.482848286744,9.758821643384057e-07,0.0001588632919080944,-0.008887511713440231,2.243159096826605e-10,0.6991209743352009,0.02407070340220285,-0.6987064748470018,0.0001110223008418282,3.822492776926012e-06,-0.0001109564772024768
112979.5914672798,14.64012410339187,-89.67771644792187,35.28981431720099,-6273.779975584387,8.96555264104667e-07,0.0001593884969863101,-0.00883790675835807,2.24538515951467e-10,0.6991626160154469,0.02375579069508927,-0.6987589183989099,0.0001113954321385826,3.784937165769064e-06,-0.0001113311122372931
113240.0363235557,14.59171449485692,-89.67168806930717,35.77514773117962,-6243.277659340102,9.177869458664051e-07,0.0001601670181271611,-0.008774710189425125,2.25116579728681e-10,0.698725501122591,0.02386004019285769,-0.6983179966183108,0.0001118694096563046,3.820110481816205e-06,-0.0001118041661690512
113501.0815672315,14.56146158452445,-89.69793642581828,32.8175198389573,-6224.808686389671,8.469185960809118e-07,0.0001606430424791329,-0.008728631115761174,2.252652094374601e-10,0.6987169290007408,0.02358556805687475,-0.698318743735023,0.0001122000226699865,3.787372483518359e-06,-0.0001121360820468442
113762.7285823431,14.51665224022211,-89.69944482703464,32.50743543195302,-6196.937988885519,8.464795244722939e-07,0.0001613655784380945,-0.008669564498456982,2.257579128492688e-10,0.6987626786644948,0.02361456777158782,-0.698363539485948,0.000112711825757323,3.809077286572807e-06,-0.000112647443804882
114024.9787561168,14.48413935947511,-89.68730665493244,33.70900548687576,-6176.545171920001,8.835716249648187e-07,0.0001618979846897812,-0.008621160960213854,2.259823443293495e-10,0.6986696415014957,0.02380529233781875,-0.6982639730163225,0.000113068563693656,3.852507756255499e-06,-0.0001130029127046482
114287.8334789772,14.45034394794324,-89.70520055504105,31.67412972520696,-6155.97474649686,8.357945496252103e-07,0.0001624395109002128,-0.008572686878643775,2.262159912723829e-10,0.6986274970089948,0.02363183856328877,-0.6982276962303714,0.0001134395168345128,3.837215626364285e-06,-0.0001133745992534681
114551.2941445536,14.40996732455364,-89.71204732154199,30.81425363089965,-6131.256798289012,8.196749652993567e-07,0.0001630945783590042,-0.008518627695136173,2.266055933188703e-10,0.6983495065446942,0.02358516195051319,-0.6979511253855717,0.0001138513766767556,3.845070601533116e-06,-0.0001137864289063583
114815.3621496883,14.37391930131487,-89.68515605704465,33.56795026343541,-6108.685148620772,8.995311893212218e-07,0.0001636964060600751,-0.008467746989531963,2.269197989781324e-10,0.6983294931086709,0.02395828612855545,-0.6979183916986251,0.000114268283669908,3.920315929083311e-06,-0.0001142010147760638
115080.0388944436,14.33600498785799,-89.72825290918388,28.86691460858972,-6086.32080588719,7.792573694136652e-07,0.0001642991779659065,-0.008417341971777565,2.272298028365443e-10,0.698146012110594,0.02347349107703306,-0.6977512805022876,0.0001146582537020922,3.855109745664351e-06,-0.0001145934259495815
115345.3257821092,14.30676120525918,-89.7135463395755,30.3388990715254,-6068.263837391652,8.238725856143881e-07,0.0001647876610853824,-0.00837306738836638,2.273817877675715e-10,0.6981281630537381,0.02369841820606672,-0.697725817942347,0.0001149961300946871,3.903619030555249e-06,-0.0001149298555433638
115611.2242192099,14.26860641020153,-89.71263401539443,30.31955739704873,-6045.141743553194,8.296577140663313e-07,0.0001654179318808754,-0.008321979087025233,2.27726537654591e-10,0.6981125903040238,0.02375554012346504,-0.6977082936689489,0.0001154331719619672,3.927987241896253e-06,-0.00011536632136559
115877.7356155126,14.23233759260053,-89.6710695354878,34.57519564738232,-6022.522194206606,9.532208087361759e-07,0.00016603791733071,-0.008271771725579977,2.280561154120785e-10,0.6980051175039486,0.02430458174849129,-0.6975818456408767,0.0001158482044509943,4.033841708157957e-06,-0.0001157779538409317
116144.8613840343,14.20322076591166,-89.69569051273753,31.8964573590953,-6005.449321655846,8.843805570344824e-07,0.0001665107368048786,-0.008229351980274396,2.281784497577522e-10,0.6979075661128623,0.02404820270820977,-0.6974931216751059,0.0001161613613693635,4.002638889030635e-06,-0.0001160923802715229
116412.6029410491,14.16567742194348,-89.6785009239271,33.5703943672978,-5982.666420934273,9.378927794468771e-07,0.0001671442872145563,-0.00817927706885622,2.285205935132345e-10,0.6980012524093413,0.02430757042506004,-0.6975778740649962,0.0001166189544320269,4.061201090927189e-06,-0.0001165482182554423
116680.9617060962,14.13108194028568,-89.62519662657151,38.99525312436858,-5961.076430749446,1.097346490092694e-06,0.0001677477583641946,-0.008131016116340409,2.288207693188246e-10,0.6977908854573418,0.02499596592954,-0.6973430443580766,0.0001170051617374098,4.191308739224574e-06,-0.0001169300680075485
116949.9391019871,14.09796922262566,-89.62186211375322,39.21192719900167,-5941.338853871413,1.110786585852902e-06,0.0001683049003787562,-0.008085454806034224,2.290529077301489e-10,0.6978361078805358,0.02508522964145111,-0.6973850906892766,0.0001174011925506773,4.220240027789058e-06,-0.0001173253151985072
117219.536554813,14.06347807375067,-89.61498859503918,39.78669074916123,-5920.799019540465,1.134899929874683e-06,0.0001688884967699966,-0.008038970795391879,2.293188801883988e-10,0.6973601330306338,0.02519885748328539,-0.6969047084946696,0.0001177277867911881,4.254051214945833e-06,-0.000117650902380781
117489.755493953,14.03829961356679,-89.52067783210479,49.39436402885381,-5904.217993350484,1.416844652438566e-06,0.000169358586858686,-0.007998020548967821,2.294339846293093e-10,0.6975086594238512,0.02639881085825117,-0.697008918706589,0.000118081848514044,4.469077684698234e-06,-0.0001179972469727229
117760.5973520807,14.01276899055663,-89.55211306666337,46.04170104835633,-5889.748554196071,1.32718453799041e-06,0.0001697761602155109,-0.007960069981354302,2.29468658866373e-10,0.6971170939029896,0.02604912049160565,-0.6966302361607365,0.0001183057785753391,4.420722871258531e-06,-0.0001182231553191366
118032.063565173,13.98918829364383,-89.54347916624806,46.81760755292007,-5875.733056093974,1.355993261419319e-06,0.0001701807257228212,-0.007922863770397845,2.294869926801584e-10,0.6971204005987826,0.02620165960233176,-0.6966278245699712,0.0001185881580178866,4.45720215128305e-06,-0.0001185043651983244
118304.1555725165,13.97052689580355,-89.48379419640005,52.83028909401165,-5863.689779946081,1.536405181307803e-06,0.0001705272394678595,-0.007888439833069137,2.294294404154274e-10,0.6970984218563263,0.02697401876894575,-0.6965763504929186,0.0001188266851503509,4.597963694942604e-06,-0.0001187376933988555
118576.874816716,13.94235823950516,-89.52334640027948,48.65124856340871,-5847.95101813359,1.422513773934099e-06,0.000170988229865156,-0.007849172217887092,2.295178173743117e-10,0.6970215874796452,0.02653788546710641,-0.6965162123364964,0.0001191338247274087,4.5358133129078e-06,-0.0001190474468091248
118850.2227437018,13.91646540789171,-89.50501920056502,50.38872985355025,-5832.528726622961,1.481109696416021e-06,0.0001714394245842972,-0.007810467293522289,2.295954330667712e-10,0.6970176483595194,0.02680828726737697,-0.6965019151864728,0.0001194475935756458,4.594123849674936e-06,-0.0001193592126191628
119124.2008027375,13.89196491049371,-89.56116570793375,44.57152500876774,-5819.304414732756,1.316102955505952e-06,0.0001718317633895641,-0.007774835480280708,2.295879315819458e-10,0.6970441784019915,0.02617461098689572,-0.6965525654132587,0.0001197243040913639,4.495751033245134e-06,-0.0001196398646472339
119398.8104464273,13.85351025321905,-89.60202526044417,40.27207017293121,-5797.8115578832,1.197994461424114e-06,0.0001724705510518642,-0.007728304537560363,2.299090336136539e-10,0.6971350648023729,0.02572920806397702,-0.6966601082517997,0.0001201841762147967,4.435645016227648e-06,-0.0001201022950060461
119674.0531307244,13.83091171127829,-89.61890802554102,38.47881076050606,-5785.062644698944,1.149704670203135e-06,0.0001728513280055592,-0.007693575105995384,2.298857574790032e-10,0.697058596066277,0.02556922575106534,-0.6965894781321206,0.000120435813428096,4.417778533159893e-06,-0.0001203547605577739
119949.9303149379,13.79701104264455,-89.63232681364481,37.0004260252962,-5765.824733613639,1.112925176057016e-06,0.0001734285843731575,-0.007650354651701213,2.30122294077718e-10,0.6968412641300477,0.02544635336972088,-0.6963765005329704,0.0001207999105654705,4.411215824190876e-06,-0.0001207193421435773
120226.4434617413,13.7655515010458,-89.6479470923108,35.319473384624,-5748.088562280846,1.068934074300678e-06,0.0001739643074348574,-0.007609280302033584,2.303014545120676e-10,0.6971624602344589,0.02531646982137762,-0.6967026426790319,0.0001212284543589258,4.402240053541974e-06,-0.0001211484974267744
120503.5940371797,13.73321142416536,-89.68496843926742,31.50743409860514,-5730.298262925931,9.595010442261818e-07,0.0001745057102967429,-0.007568282931496438,2.304851259366825e-10,0.6967671333588713,0.02490060405662748,-0.696322050524579,0.0001215360661776703,4.343375738607822e-06,-0.0001214584310335694
120781.383510678,13.69900646321691,-89.72862259095557,27.05296425948389,-5711.636388214085,8.292471972062405e-07,0.0001750772455453672,-0.007526285408441653,2.307063667794501e-10,0.6968313526762027,0.02442083671223586,-0.6964033003991442,0.0001219446225329822,4.273616138791878e-06,-0.0001218697139153521
121059.8133550482,13.66606973558709,-89.71922372151298,27.89770552812278,-5692.817065250153,8.608026588666712e-07,0.0001756557384717164,-0.007484234040533291,2.309366722131354e-10,0.6966530456972898,0.02457742346384245,-0.6962193737143409,0.0001223160845395742,4.315224378527343e-06,-0.0001222399418179477
121338.8850464977,13.63097098161807,-89.71199581326182,28.51572286872515,-5672.892564515233,8.860623729207962e-07,0.0001762724609921077,-0.007440886678049445,2.312147697194487e-10,0.6966629406697782,0.02471434080711675,-0.6962244280841722,0.0001227470917886805,4.354492369913272e-06,-0.0001226698289669433
121618.6000646368,13.59446386467829,-89.6755831096351,32.00129236063001,-5651.738399897587,1.001819523083585e-06,0.0001769310378022219,-0.007396089931374974,2.315464250122169e-10,0.696272340438843,0.02519151877989968,-0.6958164696539929,0.000123136767451089,4.455156423110439e-06,-0.0001230561460454097
121898.9598924867,13.56368190467969,-89.69684942038269,29.81429553144186,-5634.880741108981,9.389510163705114e-07,0.0001774610771336586,-0.007357069530960723,2.317049984760902e-10,0.696490494388685,0.02499001514811836,-0.6960420302802782,0.0001235438328239593,4.432741406524357e-06,-0.0001234642840357376
122179.9660164872,13.53438034177285,-89.66332363117742,33.01193109782412,-5617.924900263073,1.045933506045131e-06,0.0001779955213834097,-0.007318061601647991,2.318698079645258e-10,0.6962366032013259,0.02543707550529821,-0.6957717749571753,0.0001238708653369296,4.525634733931072e-06,-0.0001237881654665533
122461.6199265049,13.50035762920376,-89.601311828522,38.95317834287385,-5597.90045300814,1.243001144004869e-06,0.0001786297540567042,-0.00727520613043742,2.321640442419506e-10,0.6958065203674598,0.02622304727475885,-0.6953122072691504,0.0001242360438548743,4.68211716313738e-06,-0.0001241477844006123
122743.9231158407,13.48055367785756,-89.52946674190339,45.87191489213413,-5585.594620874385,1.470207903308339e-06,0.0001790198943208759,-0.00724251736015217,2.321403946421054e-10,0.6957686082302512,0.02714265736322071,-0.6952389749934361,0.0001245015131804513,4.856933574590334e-06,-0.0001244067400926256
123026.8770812382,13.46505374324947,-89.44899181901411,53.62086293168175,-5575.515088607805,1.724740024192892e-06,0.0001793390390054966,-0.007212820545297777,2.320251895789516e-10,0.6956563166074614,0.02816392613246337,-0.6950859688561306,0.0001247046251315021,5.048716969477295e-06,-0.0001246023835492347
123310.4833228909,13.45791596316588,-89.46083357272626,52.432732882699,-5571.722337294334,1.688826772042645e-06,0.0001794618234121373,-0.007191336272633891,2.316491260674483e-10,0.6956115762531044,0.02806790986925401,-0.6950450758424952,0.0001247814585019439,5.034928759311301e-06,-0.0001246798374969305
123594.7433444511,13.44099056631283,-89.57038216691829,41.72347537918037,-5564.327314205432,1.347506039748781e-06,0.0001797061389275437,-0.007165273967752481,2.314235028210404e-10,0.6958322066739301,0.02679700366951308,-0.6953160291831673,0.0001249886680632301,4.813404387744063e-06,-0.0001248959498239249
123879.6586530369,13.42023061185925,-89.61270704224295,37.54052033441826,-5553.62697238128,1.217102159828321e-06,0.0001800542806213829,-0.00713504698312542,2.313361087087033e-10,0.6956830540042716,0.02632740960250393,-0.6951847086439201,0.0001252030257609566,4.738179726685301e-06,-0.0001251133378684159
124165.2307592411,13.39180561312272,-89.69944314091018,29.05916142037552,-5539.557602217894,9.469367277126562e-07,0.0001805148632108116,-0.007100602717396775,2.313902466239487e-10,0.6958228887906419,0.02532987825624523,-0.6953616971278169,0.000125547107431095,4.570262056455861e-06,-0.0001254638947627971
124451.4611771385,13.36228805240897,-89.77548370215654,21.64907944417355,-5524.741613893892,7.092654793282497e-07,0.0001810011607674973,-0.00706532433480365,2.314771679596588e-10,0.6959339909503097,0.02446083302611093,-0.6955039808712057,0.0001259043770805645,4.425313298490821e-06,-0.0001258265821289571
124738.3514242943,13.33233012530633,-89.81922110703593,17.38249399186643,-5509.162169726535,5.727124856406812e-07,0.0001815139968693819,-0.007029196567015714,2.31597877545907e-10,0.6959402501573489,0.02398017128598607,-0.6955269823480382,0.0001262616162399957,4.350625191740198e-06,-0.0001261866387379304
125025.903021772,13.30312235706274,-89.8539768987163,14.00164850818351,-5493.881596657415,4.638929362975163e-07,0.0001820194860665683,-0.006993578064518021,2.317078974108988e-10,0.6961022161804796,0.02361391982689467,-0.6957015726313863,0.0001266421970366743,4.296091318218801e-06,-0.0001265693077711234
125314.1174941416,13.27493095659745,-89.90253368225868,9.321127765302865,-5479.439240962801,3.104523652572669e-07,0.0001824998986681213,-0.006959150796491082,2.317843002807955e-10,0.6962665862631752,0.0230800655246525,-0.6958839484583282,0.0001270059153393494,4.210032343764775e-06,-0.0001269361184172986
125602.9963694875,13.23435341989861,-89.97182981988652,2.683864964700828,-5458.75540199652,9.006857395489736e-08,0.0001831918971680547,-0.006916936143797167,2.321274480651835e-10,0.6960540505717184,0.02228203648972416,-0.6956973136121535,0.000127448117646581,4.079860760260275e-06,-0.0001273827987910206
125892.5411794168,13.20418314910528,-90.04489700862632,-4.2657547755773,-5443.785733869592,-1.439440019067642e-07,0.000183695581504704,-0.006882102788311518,2.322304204724181e-10,0.6962198533301232,0.02145045762095922,-0.6958893317467006,0.0001278287077934173,3.938388522173504e-06,-0.0001277680227286283
126182.7534590671,13.16747685090361,-90.10741563170959,-10.17094320491675,-5425.201409690665,-3.455635850269272e-07,0.0001843243060997105,-0.006842833889351491,2.324899936941927e-10,0.6962245809324494,0.02074191972661118,-0.6959155407523384,0.0001282669815010385,3.821329362295808e-06,-0.0001282100463508715
126473.6347471152,13.13484141751002,-90.12093074904283,-11.41438147699071,-5408.011762265916,-3.902790086578743e-07,0.0001849100166874493,-0.00680546428498502,2.32692563506119e-10,0.6962350840483843,0.02062885020354742,-0.695929409350647,0.0001286762676891077,3.812567783104856e-06,-0.0001286197737258861
126765.1865857846,13.10281982075825,-90.18326543138708,-17.246965590883,-5392.04235235908,-5.932007127256647e-07,0.0001854565865288896,-0.006769762399695265,2.328449572954799e-10,0.6964084956925348,0.01992756083394977,-0.6961233261369343,0.0001290888348252032,3.693845817324233e-06,-0.0001290359747497047
127057.4105208542,13.06003405517286,-90.22151460864694,-20.76159430865008,-5370.055773255766,-7.199405183189834e-07,0.0001862150218005575,-0.006726651499422354,2.33260571507426e-10,0.6961957873310658,0.01950790673425363,-0.6959224208720181,0.000129577164241694,3.630845346833422e-06,-0.0001295262848034572
127350.3081016662,13.01743171659588,-90.2723027893453,-25.41928332547713,-5348.482440832349,-8.885714265540885e-07,0.0001869646996532971,-0.006684219545186456,2.336627896279405e-10,0.6960968894619272,0.01893945544641545,-0.6958391887109864,0.0001300805358653993,3.539240802200605e-06,-0.0001300323789891328
127643.8808811344,12.98871331968554,-90.27221164807447,-25.33907385560383,-5333.390674089725,-8.907875532172957e-07,0.0001874937519815329,-0.00665002884088157,2.337850493808822e-10,0.696026855986094,0.01898988916773013,-0.6957677546159238,0.0001304351908637985,3.558698628899954e-06,-0.0001303866353570956
127938.1304157525,12.94777365728566,-90.31039695995446,-28.78124874710963,-5312.642076370565,-1.019707871379007e-06,0.000188224735858218,-0.006608922958188383,2.341583095002796e-10,0.696223120314815,0.01858277357732085,-0.695975081297507,0.0001309807768406362,3.495985766618242e-06,-0.0001309341131458725
128233.0582656022,12.91550400820863,-90.34538625219528,-31.92787079055175,-5296.418358202977,-1.138124077563219e-06,0.0001887999766054707,-0.006573586981328212,2.343353724492909e-10,0.6961717425654171,0.01820789395530622,-0.6959335943495484,0.0001313715234896436,3.435932000962655e-06,-0.0001313265835818276
128528.6659943616,12.87173291645757,-90.35462939195386,-32.64293855979044,-5273.8965506749,-1.173571074065017e-06,0.0001896058600284013,-0.006530579765233299,2.347948273431875e-10,0.6959963742174498,0.01814265134341926,-0.6957598703044517,0.0001318988568915011,3.438229079668186e-06,-0.0001318540368364974
128824.9551693134,12.83428378376422,-90.35392673093662,-32.4588001298941,-5254.558184787234,-1.175556423915788e-06,0.0001903036958928422,-0.006491668541811163,2.351169429048576e-10,0.6961917993609036,0.01820799984475705,-0.6959536552379231,0.0001324211482307255,3.46330457876836e-06,-0.0001323758513481158
129121.9273613534,12.80421984296297,-90.34638604735019,-31.67290632534582,-5238.957407211762,-1.153937555485688e-06,0.0001908706969190827,-0.006457508690001263,2.352747193295221e-10,0.69592381627316,0.01834436801392627,-0.695681997911667,0.0001327641395202768,3.499627656738006e-06,-0.000132718006874816
129419.5841449986,12.76573035723386,-90.33284240886901,-30.31864154045093,-5219.018411324156,-1.113057048996213e-06,0.0001916004456800927,-0.006418136665616457,2.35630390347517e-10,0.6957732834574211,0.01855673557432119,-0.6955257792044415,0.0001332423945722273,3.55366315745796e-06,-0.0001331949968636376
129717.9270983956,12.72925234184121,-90.34836892160489,-31.62142837679379,-5200.670752953549,-1.169086668385175e-06,0.0001922757812041367,-0.006380864050488239,2.359178336344684e-10,0.69574280223491,0.01841949354805413,-0.6954989353831668,0.0001337060671430984,3.539811023796197e-06,-0.0001336592014370523
130016.9578033291,12.70177319340357,-90.35121599752641,-31.7944006300833,-5186.72886256066,-1.181808833887741e-06,0.0001927925001660471,-0.006349122075311289,2.360079246433293e-10,0.6957086509115009,0.018436191293783,-0.6954643296414847,0.0001340585188341516,3.552533800678619e-06,-0.0001340114397191583
130316.6778452299,12.66088733821369,-90.3965537263979,-35.76082268214402,-5166.794203513153,-1.339505095109656e-06,0.0001935343384715993,-0.006310173425417554,2.36373599101839e-10,0.6956061162125594,0.01793550712576454,-0.6953748532241171,0.0001345548875053366,3.469363030903779e-06,-0.000134510153043306
130617.0888131842,12.62920140530337,-90.36666247590159,-32.95963649640036,-5150.301463205713,-1.242508380548543e-06,0.0001941554401269992,-0.006275564275169118,2.36585149966089e-10,0.6954949671120481,0.0183477428700109,-0.6952529105367088,0.0001349643376205517,3.560472872385685e-06,-0.0001349173653103235
130918.1922999407,12.59313093992562,-90.37164413069584,-33.29042669059041,-5132.259706428361,-1.263815972147682e-06,0.000194837748716134,-0.006239197831559146,2.368707891274317e-10,0.6951737143338638,0.01833132687539729,-0.6949319790855273,0.0001353758148921759,3.569781570624709e-06,-0.0001353287401746529
131219.9899019203,12.55762631210172,-90.33825081601715,-30.19088645797496,-5113.927877895683,-1.15438727520548e-06,0.0001955375930010806,-0.006202613648963811,2.371731560712411e-10,0.6950390420633302,0.01878530691908628,-0.6947851338624536,0.0001358349272091295,3.6713057015907e-06,-0.0001357853046701114
131522.4832192238,12.5279841936933,-90.361815095333,-32.20323920455787,-5099.525118424343,-1.238291148867199e-06,0.0001960888709815586,-0.006170919299521623,2.372959884058323e-10,0.6949812078470202,0.01855072613625533,-0.6947335819005158,0.0001362065525078668,3.635681691832311e-06,-0.0001361580213014053
131825.6738556407,12.48888367098029,-90.35362856652111,-31.35388481007054,-5079.969861273539,-1.214933600699907e-06,0.0001968440629411811,-0.006133117248957938,2.376615887132263e-10,0.6949615776667573,0.01870229083224863,-0.6947098809939976,0.0001367267934987007,3.679490116789833e-06,-0.0001366772746762124
132129.5634186575,12.46044694810769,-90.30710249304153,-27.14890866920756,-5065.093980542341,-1.05819299864791e-06,0.0001974240310360153,-0.006101092922513107,2.378113748725351e-10,0.6947374525608149,0.01931312862908022,-0.6944689561479671,0.0001370844237346081,3.810834004804238e-06,-0.0001370314444747534
132434.1535194665,12.43117041184588,-90.31616547665563,-27.87116763755212,-5050.785696753966,-1.092506565056486e-06,0.0001979829695029507,-0.006069865580543598,2.379365661870382e-10,0.6947149638587157,0.01925570656445439,-0.6944480533300675,0.0001374678507779938,3.810254182412543e-06,-0.0001374150354240255
132739.4457729739,12.39641411603584,-90.27937280065952,-24.54134240828338,-5033.074790086736,-9.687712047025515e-07,0.0001986809786780294,-0.0060346698536284,2.382246775075962e-10,0.6944620894779137,0.01974762507583165,-0.6941812623702069,0.0001379014816571279,3.921346893412021e-06,-0.000137845716951136
133045.4417978092,12.36238878455156,-90.3066283357722,-26.84888481539659,-5016.865432666761,-1.066716245187216e-06,0.0001993219418139462,-0.00600140013552064,2.384447032306498e-10,0.6944876523888538,0.01947139292868427,-0.6942146384065941,0.0001383514393117154,3.878967794202157e-06,-0.0001382970511922609
133352.1432163324,12.32439221550554,-90.28481407338803,-24.84481576975338,-4997.967075089236,-9.945766695606409e-07,0.0002000764060471571,-0.005965042227484579,2.38795831221273e-10,0.6940674750479917,0.01977712597268953,-0.6937856478825106,0.0001387904691273477,3.954769082862494e-06,-0.0001387341130439464
133659.5516546442,12.29488631033795,-90.26875500580323,-23.37532278381012,-4983.339802889302,-9.412544829004384e-07,0.0002006642206684082,-0.005933905605083372,2.389459257984091e-10,0.6938685332535215,0.02001933039519155,-0.6935796766413513,0.0001391577820002042,4.014947329952275e-06,-0.0001390998507876772
133967.6687425935,12.26329586598841,-90.28923321842628,-25.08092141417769,-4968.37377288588,-1.016023841754629e-06,0.0002012679727606393,-0.00590247820615774,2.391144770832419e-10,0.6940125044483388,0.01982914513796204,-0.6937291700179207,0.000139605316810206,3.988766875693679e-06,-0.0001395483221700976
134276.4961137863,12.22407348322205,-90.25107482086294,-21.68624542196791,-4948.813180840663,-8.85470118717091e-07,0.0002020647700642891,-0.005865718148481316,2.395074750136115e-10,0.6938385670887005,0.02033978785464459,-0.6935403738858533,0.0001401220659051797,4.107660238929224e-06,-0.0001400618452002437
134586.0354055948,12.19141022542782,-90.26260366013949,-22.61096175083431,-4933.303697686097,-9.290395629240641e-07,0.0002026996622954725,-0.005833886605650232,2.397078628335911e-10,0.6936890528148291,0.02024971127152633,-0.6933934317460431,0.0001405318016699126,4.102311254207958e-06,-0.0001404719129326758
134896.2882591653,12.15335177707747,-90.25694037295004,-22.04122579329685,-4914.995386529732,-9.123905546671629e-07,0.0002034548989678332,-0.005798868309387446,2.400474059264369e-10,0.6936603373597903,0.02037135678600879,-0.6933611407115308,0.0001410491341981688,4.142318772390995e-06,-0.0001409882954476751
135207.2563194277,12.12007603005191,-90.21389822510974,-18.28690399154815,-4898.39292019319,-7.621262047786542e-07,0.0002041457431781167,-0.00576598821451767,2.403070504554725e-10,0.6933648131920829,0.02093737121043014,-0.6930486207039797,0.0001414669688129239,4.271844177402732e-06,-0.0001414024561754172
135518.9412351036,12.0823284986566,-90.19354028977457,-16.48470779765825,-4880.123885559925,-6.921729193200019e-07,0.0002049104926804425,-0.005731271453340582,2.406518943114724e-10,0.6931842671460542,0.02123226184297044,-0.6928590183261266,0.0001419593864066307,4.348221686655687e-06,-0.000141892777677762
135831.3446587154,12.04595634124505,-90.12942757761978,-10.98258184936597,-4861.827203878057,-4.646256629505245e-07,0.0002056829367388823,-0.005696651490125642,2.410019809263526e-10,0.6927707909324918,0.02204866404746084,-0.6924198330369752,0.0001424087003401414,4.532410477365629e-06,-0.0001423365560487988
136144.4682465949,12.01105860324232,-90.08742225620584,-7.392022922078168,-4844.663192279952,-3.149452875504191e-07,0.0002064122173674999,-0.005663484566042955,2.412995666510688e-10,0.6927107707656758,0.02260870599334946,-0.6923417207911733,0.0001429006692591264,4.663994489303741e-06,-0.0001428245372130082
136458.3136588925,11.9826785104493,-89.99358078916944,0.541102310364332,-4829.702491048213,2.319736332478886e-08,0.0002070520884674241,-0.005633009851162499,2.414903342063906e-10,0.6925800717011068,0.02379262141959863,-0.6921712699061511,0.0001433160589373012,4.923423114483823e-06,-0.0001432314653075774
136772.8825595849,11.94770084348295,-89.92268918722725,6.493114250126741,-4812.105878900397,2.80402515329462e-07,0.0002078088480345198,-0.005599578096008305,2.418159578206413e-10,0.692072258504408,0.02468550968566376,-0.691631864941857,0.0001437341429965419,5.126849885255323e-06,-0.0001436426791493546
137088.1766164854,11.92696413017218,-89.8285572886582,14.36504249670947,-4800.751485631115,6.232819881994079e-07,0.0002082988568603842,-0.005573517340094743,2.418304069269256e-10,0.6916253147502756,0.02585973870463646,-0.6911417003173413,0.0001439801440139985,5.383390144130704e-06,-0.0001438794668493313
137404.1975012515,11.9076790639833,-89.734295358341,22.2137564993905,-4790.075787810733,9.681171140618875e-07,0.0002087604745266875,-0.005548332971472282,2.418119430787295e-10,0.6913696197960436,0.02704152618031194,-0.6908405800463413,0.0001442463866770518,5.641906051488926e-06,-0.0001441360085665332
137720.9468893947,11.88926528334749,-89.61931546629796,31.75601655571347,-4779.440160224544,1.390121596483153e-06,0.0002092202897731412,-0.005523281271966283,2.417926544954355e-10,0.6909389831791373,0.02846496492759962,-0.6903523913540756,0.0001444752971271697,5.952022343141101e-06,-0.0001443526408141213
138038.4264602885,11.876377228296,-89.53899925290794,38.39601635776005,-4771.97103955046,1.686018958611289e-06,0.0002095434476238322,-0.005501966363361276,2.416141318626258e-10,0.6908263727994284,0.02948281485126903,-0.6901969581095388,0.0001446759587265469,6.174423375413082e-06,-0.0001445441438780093
138356.6378971781,11.86890596374286,-89.48524035271961,42.83332278935951,-4767.472742114031,1.884387754714797e-06,0.0002097378085831802,-0.005484137692961363,2.412858828634544e-10,0.6906727246279621,0.03017875446589427,-0.6900130834440026,0.0001447787004906363,6.326065440548117e-06,-0.0001446404266164867
138675.5828871888,11.85400558356232,-89.46576152577228,44.38622003260296,-4760.176395849616,1.958683704467632e-06,0.0002100579848902113,-0.005463150668745582,2.410999304827448e-10,0.6905050452654656,0.03046112787382692,-0.689832832812209,0.0001449645584864249,6.395006066219538e-06,-0.0001448234342728314
138995.2631213353,11.83916844693188,-89.43001096401555,47.28156335685866,-4752.625909874251,2.093059546970932e-06,0.0002103891734451442,-0.005441940172902181,2.409275699856854e-10,0.6903628702358915,0.03094048195584355,-0.6896691809677147,0.0001451636892055326,6.505903924080935e-06,-0.0001450178260693874
139315.6802945303,11.82325971512857,-89.47968076684677,43.10219822860508,-4746.136602601439,1.913300282165592e-06,0.0002106803103821106,-0.005422010640126418,2.407021102518704e-10,0.6905339044069256,0.03040554419620216,-0.6898641721510155,0.0001453989728465638,6.4021981639925e-06,-0.0001452579538734618
139636.8361055938,11.80667865853421,-89.45212829957512,45.30653987758733,-4737.960363590135,2.018079817075015e-06,0.0002110419866468917,-0.005400221267320995,2.405629320455204e-10,0.6902953956404936,0.03078220561344169,-0.6896087217111145,0.0001455985155868106,6.492645716761014e-06,-0.0001454536809182888
139958.7322572618,11.79468278214226,-89.50808975931027,40.63933339215256,-4733.394189403918,1.813715718104543e-06,0.0002112493174645519,-0.005382608649679316,2.402411833150896e-10,0.690459753639671,0.03017149286460931,-0.6898002264529028,0.0001457745495359162,6.370010356113869e-06,-0.0001456353056798464
140281.3704561958,11.76383342387654,-89.55366086638438,36.77040873324691,-4720.058035215978,1.650355195725056e-06,0.0002118489451410195,-0.00535509858181645,2.403658654113985e-10,0.6902219184492105,0.02966842845771605,-0.689583991302407,0.0001461366045886031,6.28152088828449e-06,-0.0001460015400467262
140604.7524129914,11.7353180002012,-89.58642226329545,33.98140313995454,-4707.596646924207,1.533275475566877e-06,0.000212411549277756,-0.005328676759375259,2.404478437328298e-10,0.6902704553746456,0.02933210794134618,-0.6896469596879535,0.0001465339533637655,6.226761849173058e-06,-0.0001464015946815057
140928.8798421875,11.70783184553974,-89.6332264117145,30.06071010021441,-4695.889635110473,1.3631563656388e-06,0.0002129434676392574,-0.005303200085594522,2.404928949673463e-10,0.6904551211045592,0.02883250255873491,-0.6898528546405472,0.0001469389622373989,6.135978827863722e-06,-0.0001468107911130096
141253.7544622754,11.67638075280685,-89.63729894605819,29.63691386403292,-4681.672086160185,1.35211487681822e-06,0.0002135903388970603,-0.005274983714834538,2.406684384386625e-10,0.6904718725165282,0.02884036816897211,-0.6898692918954712,0.0001473884113414829,6.15627691166597e-06,-0.0001472597842330113
141579.3779957082,11.64286867647799,-89.64650505631109,28.7920872971465,-4666.669732121363,1.322033580343444e-06,0.0002142774169362923,-0.00524598685316276,2.408868349516295e-10,0.6900244835906003,0.02876720093377929,-0.6894245688288967,0.00014776614698672,6.160387845164348e-06,-0.0001476376774976432
141905.7521689092,11.61690403979216,-89.62012523349817,30.85987714065064,-4654.467641581445,1.424410187736917e-06,0.0002148378976670368,-0.005220236116554439,2.409628639089914e-10,0.6899711933429102,0.0291387911532757,-0.6893556255614118,0.0001481412189315358,6.256284438084316e-06,-0.0001480090526000049
142232.878712282,11.58515741318569,-89.60679356329891,31.8433079027849,-4639.950762195806,1.479009549094501e-06,0.0002155093781577804,-0.005191985890971789,2.411608243179807e-10,0.6899033780533915,0.02935285259350175,-0.6892786672269098,0.0001485894301007739,6.321934023582808e-06,-0.0001484548816572707
142560.7593602188,11.55813298122021,-89.59632899206218,32.60401670821031,-4627.633907080551,1.522409763503945e-06,0.0002160824264418695,-0.005166294108118029,2.412465643203175e-10,0.6896440895509472,0.02952431342142451,-0.6890118178736475,0.0001489282935562747,6.375760603032823e-06,-0.0001487917548062282
142889.3958511103,11.53318312294051,-89.57116887429012,34.54924564522439,-4616.010543570739,1.621364487714633e-06,0.0002166251514465826,-0.005141465474030706,2.412977873332567e-10,0.6896759919963845,0.02988503526914747,-0.6890281986995589,0.0001493092924291574,6.469869216906446e-06,-0.0001491690504025945
143218.7899273543,11.50788555931425,-89.54617572735729,36.46990134803291,-4604.266130785024,1.720229950997065e-06,0.0002171762524102626,-0.00511658920171529,2.413568967979538e-10,0.6894226187550888,0.03023139535954163,-0.6887594717938473,0.0001496342058480176,6.561506270958952e-06,-0.0001494902745840782
143548.9433353656,11.49099104601873,-89.51374444433041,39.00715841098322,-4596.126181053043,1.846414266621453e-06,0.0002175588609269014,-0.005095796484406802,2.412282623280861e-10,0.68929885074432,0.03067276221544704,-0.6886160666841248,0.0001498711617095126,6.669041303499624e-06,-0.0001497227070295321
143879.8578255845,11.46484764803555,-89.49150717191657,40.68446061518311,-4584.109264764869,1.93590675036381e-06,0.0002181277061530401,-0.005070783778818479,2.413043610534492e-10,0.6892039908866328,0.03099289389370534,-0.688506776714765,0.0001502424032281172,6.756267989095649e-06,-0.0001500904146527008
144211.5351524869,11.44653872505628,-89.46439995909135,42.77273139473633,-4575.4768764198,2.042943253447146e-06,0.0002185373557213501,-0.005049594410841542,2.412035896493798e-10,0.6889657694796083,0.03136504548141955,-0.688251455092234,0.0001504727300752886,6.850244571787081e-06,-0.0001503167211111837
144543.9770745927,11.42906296672935,-89.4515167265526,43.72509664835898,-4567.481071426651,2.095740309146884e-06,0.0002189189944995463,-0.005029176619521669,2.410701151990144e-10,0.688930516323971,0.03157555714458499,-0.6882065391388128,0.0001507276577241732,6.908258027433647e-06,-0.0001505692623812773
144877.1853544762,11.41695236390793,-89.44016414818157,44.5754053639325,-4561.875254432217,2.14174137792829e-06,0.0002191871708982855,-0.005011451559712766,2.408112247112017e-10,0.6888437298367404,0.03176541536118301,-0.6881109231238257,0.0001508931198081852,6.958301887988098e-06,-0.0001507325964756228
145211.1617587742,11.40233332473191,-89.45183775191126,43.58577675554462,-4555.594387281053,2.099978939332391e-06,0.000219490232400506,-0.004993041558760644,2.405886207533746e-10,0.6887082920688469,0.03167661270813159,-0.6879794355732787,0.0001510712864203044,6.948408617064865e-06,-0.0001509114084434174
145545.9080581966,11.38162091216727,-89.5013174153636,39.5795053808687,-4547.344182472808,1.913911313165675e-06,0.0002198919211329923,-0.004972536254961811,2.404707760898771e-10,0.6887628087733173,0.03114268679890556,-0.6880583840113094,0.0001513580842524957,6.843716519410946e-06,-0.000151203284398149
145881.4260275348,11.36565732839769,-89.53770269270041,36.6398993444948,-4540.943682970187,1.77678044749519e-06,0.0002202042061638604,-0.004954116868244838,2.402558747433686e-10,0.6887830242910256,0.03076452388148,-0.6880956318869038,0.0001515762141889846,6.770158231006365e-06,-0.0001514249439999635
146217.7174456718,11.33678136402801,-89.63430035675852,28.91396960753887,-4530.017903060066,1.408932511896321e-06,0.0002207406865859605,-0.004930830231532474,2.402814329484936e-10,0.6890407916999334,0.02967351434194217,-0.6884015508212263,0.0001520000389542161,6.545875643670017e-06,-0.0001518590246055229
146554.7840955911,11.31324329358677,-89.71256056825675,22.68151195811252,-4521.105534854412,1.10961362687931e-06,0.0002211792723209356,-0.004909811020859426,2.402013737531846e-10,0.6891834494944239,0.02879734550507057,-0.6885815419751641,0.0001523319183146849,6.365148330790931e-06,-0.0001521988772105723
146892.6277643867,11.28263395616437,-89.78962001015833,16.55683777210518,-4509.139219319748,8.142996526592591e-07,0.0002217688275155123,-0.004885553528223141,2.402849042171599e-10,0.689260110441446,0.02793265798301884,-0.6886938844390575,0.0001527535808228469,6.190425739382001e-06,-0.0001526280940173441
147231.2502432718,11.24477653439886,-89.86364339783927,10.69526408985554,-4494.042286949474,5.295594759749179e-07,0.0002225155600172029,-0.004857997492041946,2.405376019956707e-10,0.6891003570727794,0.02709507064528264,-0.6885674689270175,0.0001532313244093355,6.02497664865188e-06,-0.0001531128291052785
147570.6533275894,11.20950291696142,-89.90083298888592,7.753035879408887,-4479.471406295631,3.863820615809191e-07,0.0002232399570539901,-0.004831109713718845,2.407650050604328e-10,0.6892089657260744,0.02671093688339803,-0.6886911675693368,0.0001537537072985008,5.958868464388197e-06,-0.0001536381931508477
147910.8388168207,11.16948476754524,-89.93058602130823,5.40670436628478,-4462.80699568137,2.714662074357605e-07,0.000224073891886914,-0.004802067239355056,2.411082253344944e-10,0.6891081136449179,0.02640818266671396,-0.6886019170605746,0.0001543048804457468,5.913312277841576e-06,-0.0001541915330596364
148251.8085145954,11.13223105240401,-89.96120412459125,3.011407916404174,-4447.404158694951,1.522496114473841e-07,0.0002248501610898694,-0.004774487157194228,2.413868090946188e-10,0.6892306681317751,0.02610371179330001,-0.6887361687351591,0.0001548664127684979,5.865363211896713e-06,-0.0001547553014218747
148593.5642287007,11.09649957927735,-89.98129534179043,1.447033123054736,-4432.526213116154,7.365051718285726e-08,0.000225604958740276,-0.004747570736751851,2.416399955315907e-10,0.688980001977315,0.02591178956270173,-0.6884925724263983,0.0001553292468119466,5.841764267138539e-06,-0.0001552193567356011
148936.1077710915,11.0556773284066,-89.97989826512945,1.549033233297341,-4415.194187140846,7.946228754466426e-08,0.0002264905765238487,-0.004718130412499355,2.420306250377784e-10,0.6888366441666174,0.02598230148105756,-0.6883464551782587,0.0001559060500945827,5.880636622023982e-06,-0.0001557951044449544
149279.4409578996,11.02329727168335,-89.9905201829917,0.728276270940023,-4401.683727345134,3.758880158379471e-08,0.0002271857849332841,-0.004692874776585669,2.422151465074223e-10,0.6888835180568722,0.02591570879404002,-0.688395872654765,0.0001563947308143416,5.883549532639777e-06,-0.000156284022444354
149623.5656094434,10.99116684146067,-89.97684501508432,1.773287720570497,-4387.905977472704,9.210103477622838e-08,0.000227899103082955,-0.00466742603875749,2.424168583204537e-10,0.6886371183875208,0.02613005725976979,-0.6881411925823577,0.0001568291671892667,5.950819392734915e-06,-0.0001567162258026718
149968.4835502373,10.94982925874689,-89.96356133933141,2.779433839180532,-4370.35291716683,1.45520154608111e-07,0.0002288143805522754,-0.004638062967344613,2.428307173789588e-10,0.6882362588477408,0.02633376911614851,-0.6877322739241425,0.0001573668663379137,6.02127927931681e-06,-0.0001572516289799736
150314.1966090022,10.92270082614325,-89.93312282292771,5.087320182206324,-4358.465112599036,2.67806634681744e-07,0.0002294382567595188,-0.004614808731394086,2.429330247700768e-10,0.6881667893416801,0.02675603362494351,-0.6876464532137843,0.0001577795689355592,6.134494598042684e-06,-0.0001576602687728188
150660.7066186742,10.88653243804616,-89.87948397872161,9.133976269482332,-4342.472586308313,4.84377305063515e-07,0.000230282530478637,-0.004587300782421467,2.432669141781784e-10,0.6877977253544172,0.02744479073401114,-0.6872499505014726,0.000158274951306571,6.315552897192707e-06,-0.0001581488982026121
151008.0154164149,10.85665571292434,-89.85042929889561,11.30232932122113,-4329.553134240935,6.02946599332634e-07,0.0002309691449194541,-0.004563133823017914,2.434316584028847e-10,0.6875140407028172,0.02784164561289581,-0.6869500701892975,0.0001586810573395232,6.425965874690102e-06,-0.0001585508906344154
151356.1248436208,10.82706955851426,-89.82336026491488,13.30858218917251,-4316.826984329188,7.1416469634889e-07,0.0002316494265604289,-0.004539257025365281,2.435877752352802e-10,0.6872787446765598,0.02821648127368312,-0.686699281395226,0.0001590936459694435,6.531648064238294e-06,-0.0001589595098174865
151705.0367459337,10.79680882476144,-89.76535383185862,17.6236985312669,-4303.321499065774,9.516608092563872e-07,0.0002323747431917146,-0.00451464831347006,2.437902531987174e-10,0.6871728729029504,0.0289672884842907,-0.6865620536059084,0.0001595672479250501,6.726444953746101e-06,-0.0001594254106115416
152054.7529732496,10.77749576580337,-89.7044946786352,22.14804469571786,-4294.265253322746,1.201008566087997e-06,0.0002328625133798745,-0.004494785783738853,2.437425019268465e-10,0.6867931058729104,0.02974028204310138,-0.6861488802720264,0.0001598140711464223,6.920447380306677e-06,-0.0001596641623672956
152405.2753797291,10.74981439821308,-89.66451360014905,25.07395286570811,-4282.186274001725,1.367340901490329e-06,0.0002335175658821146,-0.004471834134675156,2.438678652361991e-10,0.6866257250441675,0.03027198790119245,-0.6859580840262317,0.0001602246542061914,7.063992240154666e-06,-0.0001600688596483546
152756.6058238072,10.73404002495838,-89.62722575669855,27.8142434874255,-4275.017130605959,1.52185455930465e-06,0.0002339072897761691,-0.00445407977264987,2.437150070900537e-10,0.6862517300143807,0.03076205403557965,-0.6855619103912078,0.0001604047438055679,7.190334363757146e-06,-0.0001602435051010407
153108.746168203,10.7148441009865,-89.57551708299795,31.6073642268774,-4266.215119070345,1.736516612822391e-06,0.0002343869414406912,-0.004434686074350689,2.436561519683476e-10,0.6860909321098506,0.03143390674725358,-0.6853704667039342,0.0001606964729457868,7.362461313483222e-06,-0.0001605277252708187
153461.6982799294,10.69959203879737,-89.57969281308402,31.25094330398587,-4260.015280299373,1.721937746387492e-06,0.0002347283101179025,-0.004418056734064726,2.434495492385378e-10,0.6862134640731066,0.03145021936638911,-0.6854923792260704,0.000160958623094295,7.376981464601836e-06,-0.0001607894850196438
153815.4640303035,10.68020624626335,-89.58845531790519,30.54354726265679,-4252.238771358221,1.689124966027968e-06,0.0002351581042125654,-0.004399849026462891,2.433338282079959e-10,0.6861210175141005,0.03140194975142268,-0.6854020486009608,0.0001612308881897176,7.379112605607817e-06,-0.0001610619384075548
154170.0452949559,10.65955130701842,-89.60397059920095,29.3356719589001,-4244.087488196797,1.628570769975641e-06,0.0002356106530704399,-0.00438131480968752,2.432404530913072e-10,0.6860286944359548,0.03127306738789699,-0.6853155221105478,0.0001615185681272111,7.362929723503662e-06,-0.0001613506588637036
154525.4439538414,10.63076900291459,-89.61968529823785,28.09595952611467,-4232.695324635111,1.568161245034772e-06,0.0002362456695583995,-0.004359504598601,2.433341837347696e-10,0.686103115729242,0.03114954291007508,-0.6853956458789821,0.0001619706007790839,7.35357421278605e-06,-0.0001618035860635803
154881.6618912481,10.60711670811004,-89.65865742096959,25.16382314585408,-4223.802987876014,1.410437687108914e-06,0.000236745063836021,-0.004340340334408374,2.432856418114466e-10,0.6859844555939596,0.03073922823212983,-0.6852953911739332,0.0001622836568959751,7.271993303916424e-06,-0.0001621206446104825
155238.7009958082,10.57738197845044,-89.6752754999635,23.87244905214936,-4212.111905176225,1.345498517839713e-06,0.0002374029708057689,-0.004318371812342843,2.433998077511351e-10,0.6858688346367603,0.03059664673023919,-0.6851860357120922,0.0001627063681755048,7.258340102977079e-06,-0.0001625443900717968
155596.5631605074,10.54394893306954,-89.68039863082383,23.4214768713899,-4198.786318648805,1.328474481556475e-06,0.0002381566503454389,-0.004294809499810291,2.436106991707235e-10,0.6859469983103952,0.03060033873044982,-0.685264112412596,0.0001632408573832546,7.282232509043314e-06,-0.0001630783450029595
155955.2502826954,10.52078574080691,-89.64348226688695,26.06498819777489,-4188.836638000159,1.485435744867654e-06,0.0002387205251843492,-0.004274777896439534,2.4362772409313e-10,0.685618973723225,0.03108860013788653,-0.6849137727267243,0.0001635491556492203,7.415947483565594e-06,-0.0001633809353519984
156314.7642640954,10.49445025313798,-89.64655335326762,25.77583848847642,-4178.361964965716,1.476332416677153e-06,0.0002393191290458909,-0.004254281186311502,2.43676737891183e-10,0.6856428102013196,0.03111469973226227,-0.6849364486150039,0.0001639643299741782,7.440756058464545e-06,-0.0001637954109648973
156675.1070108149,10.47407086144309,-89.64187608308438,26.06548493222646,-4170.128713490337,1.498821527129119e-06,0.0002397913832384122,-0.004236133044642629,2.435962911496518e-10,0.6856210845831584,0.0312314971519066,-0.6849093846711672,0.0001642821791835248,7.483402314557836e-06,-0.0001641116482370651
157036.2804333552,10.45499567038473,-89.65774171423003,24.86685968845392,-4162.789397347899,1.434949334909371e-06,0.0002402149669049563,-0.00421895187411562,2.43464526348228e-10,0.6854059288045536,0.03109409264624887,-0.684700258976831,0.0001645198684974968,7.46360050041029e-06,-0.0001643504846296594
157398.286446622,10.43010981985971,-89.72478105244113,19.9542023963286,-4154.084585319099,1.15630840252155e-06,0.0002407213686312768,-0.004200446591263194,2.43413575786921e-10,0.6855322076417198,0.03036066568986108,-0.6848595751634042,0.0001648954405464128,7.302844838514818e-06,-0.0001647336479601545
157761.1269699348,10.40071555828924,-89.80968258019814,13.76486270896056,-4143.948772728606,8.015642443204813e-07,0.0002413130618696757,-0.004180560469912465,2.434477435789947e-10,0.6857138750092453,0.02941589139216277,-0.6850826400616201,0.0001653429682337852,7.092915825798724e-06,-0.0001651907615136108
158124.8039270383,10.36666675473971,-89.88429145379894,8.344257693195182,-4131.847773945217,4.887618623862206e-07,0.0002420214819991401,-0.004158765614217337,2.435991781960476e-10,0.6854403517677269,0.02857483054562247,-0.6848444749654874,0.0001657610410574651,6.910292992041576e-06,-0.000165616939300359
158489.3192461114,10.31564784534476,-89.96756941999067,2.328243616760107,-4113.355932401162,1.376054705457535e-07,0.0002431104178813901,-0.004130631215100507,2.441315118469182e-10,0.685560910766939,0.02764684142652109,-0.6850032222776268,0.0001665352239746362,6.715921017151108e-06,-0.0001663997512893984
158854.6748597779,10.269823262148,-89.99494872991171,0.3611092741605389,-4096.006932340934,2.152371698776413e-08,0.0002441402099034217,-0.004103749233670123,2.446016873593861e-10,0.6855263252575879,0.02738086069241847,-0.6849792924526366,0.0001672315775767804,6.679458337770834e-06,-0.0001670981309743849
159220.872705117,10.22318152468923,-90.0519826499734,-3.700696517643101,-4078.942371166714,-2.224272410639568e-07,0.000245161388876953,-0.004077253377203073,2.450600750378616e-10,0.6854964503352442,0.02676071431226769,-0.6849739028544936,0.0001679232010564213,6.555460364053964e-06,-0.0001677951947835534
159587.9147236733,10.17540515430592,-90.03564188267885,-2.525767543033455,-4060.273776334388,-1.532083987785518e-07,0.0002462887155195721,-0.004049258008846928,2.456206144368745e-10,0.6851461550333947,0.02700528377818307,-0.6846137366465154,0.0001686085003894387,6.645765092571745e-06,-0.0001684774768623679
159955.8028614669,10.13140483451675,-90.00828286213947,-0.5844610857024484,-4042.944661309179,-3.575691134033856e-08,0.0002473444637200794,-0.004022702621496152,2.461060753403969e-10,0.6851099724093113,0.02739387440703809,-0.6845620862563589,0.0001693216625878394,6.770265426162863e-06,-0.0001691862551378493
160324.5390690042,10.08004058292985,-90.00362079673803,-0.2542520272385723,-4023.30457298894,-1.570719375319034e-08,0.0002485519000276699,-0.003993953851816892,2.467386707735339e-10,0.6846658733280973,0.02749501705039342,-0.6841135740047296,0.0001700372967840354,6.828408653631663e-06,-0.0001699001328218467
160694.1253012877,10.03205186774891,-89.93468849297743,4.564086971617053,-4003.93161117141,2.8469513474328e-07,0.000249754191064737,-0.003965580611768139,2.473622831015128e-10,0.6843405319823843,0.02836794087859111,-0.6837523116189381,0.0001707780816917827,7.079257034152117e-06,-0.000170631290524832
161064.5635178271,9.983334590616215,-89.86366006516585,9.481075951431084,-3984.339677140686,5.972311536857187e-07,0.0002509811960419261,-0.003937100382132906,2.480069065831222e-10,0.6836494741213367,0.02924947453193436,-0.6830234781513633,0.000171443518168565,7.335093506481148e-06,-0.0001712865328193266
161435.8556826486,9.939048854105781,-89.77136807858444,15.82639113917596,-3966.115486517886,1.006107224563085e-06,0.0002521318605957912,-0.00391007859984654,2.485734704089107e-10,0.6832252710290646,0.03039434331708291,-0.6825488662850903,0.0001721228955724049,7.657155849751246e-06,-0.0001719524909517789
161808.0037643066,9.896915887541265,-89.66094298029454,23.36580195430935,-3948.439736793569,1.498699128945599e-06,0.000253255728427303,-0.003883699736673849,2.491119823289074e-10,0.6830302360242527,0.03176434542399476,-0.6822912352383925,0.000172841768976682,8.038012614824685e-06,-0.0001726547637807675
162181.009735893,9.851610235280456,-89.53285004622143,32.03782475038319,-3929.341001869811,2.074888247192873e-06,0.0002544786834785102,-0.003856025095414341,2.497470756172939e-10,0.6824319677485291,0.03332419697665222,-0.6816178463780058,0.0001735263561663863,8.473557434021349e-06,-0.0001733193443006172
162554.8755750484,9.80957512795738,-89.37992458346145,42.32856680432509,-3911.062236694564,2.766898596791707e-06,0.0002556550677631139,-0.003829260029931274,2.503372082627264e-10,0.6817103436692679,0.03516998931563046,-0.6808025150638104,0.0001741479249160234,8.984432634056087e-06,-0.0001739160134168244
162929.6032639722,9.76898418733763,-89.20308625637824,54.14928001942963,-3892.924630664527,3.572371999512357e-06,0.0002568265901560999,-0.003802735571942895,2.509251174156324e-10,0.6807938020422135,0.03728479551172893,-0.6797720536494135,0.0001747167337816819,9.568650114008038e-06,-0.0001744545155573074
163305.1947894335,9.737948090750354,-88.97634787529472,69.28102905982789,-3877.379930171808,4.60679599598098e-06,0.0002578238022675362,-0.003778839876636187,2.513516691745441e-10,0.6798259821568128,0.03998164329593142,-0.678649271873795,0.0001751561229548452,1.030120915187905e-05,-0.0001748529453528938
163681.6521427809,9.704272688617765,-88.74204030309747,84.77788312169167,-3860.723350031403,5.685070268876613e-06,0.0002588939794842012,-0.003753952853138401,2.518555057966086e-10,0.6792004946758233,0.04278121986288278,-0.6778518121204123,0.0001757349673815393,1.10691266217857e-05,-0.0001753860119747911
164058.9773199539,9.678433138887458,-88.44467204279012,104.4193456389403,-3845.695800665203,7.055227909508812e-06,0.000259839402155914,-0.003730740653770786,2.522581483847195e-10,0.6780173393964201,0.04628204088017264,-0.6764358692545557,0.0001760912222104466,1.202013675968607e-05,-0.0001756804908117214
164437.1723214932,9.662563722758874,-88.09872164440426,127.248038368196,-3833.262633439419,8.650388924391177e-06,0.0002605872204696762,-0.003710126412831762,2.524942869199147e-10,0.676874114121498,0.05034453855307316,-0.6749992546704335,0.0001763316794323745,1.311519653079515e-05,-0.0001758432620017051
164816.2391525509,9.661473549993765,-87.68672562626212,154.5050157735507,-3824.740725713713,1.054460837926768e-05,0.0002610296688619946,-0.003693364171347185,2.524748549836003e-10,0.6757857657795308,0.05517214668244379,-0.6735298326434233,0.0001763930378637972,1.440098778576265e-05,-0.0001758041960751031
165196.1798229015,9.668505121902387,-87.26153287869536,182.6550867381007,-3818.704010579257,1.249704408317372e-05,0.0002612711926781869,-0.003679053717465435,2.522923803618994e-10,0.6744028791024088,0.06010969865084274,-0.6717187413417338,0.0001762519502485112,1.570938076385726e-05,-0.000175550463748803
165576.9963469528,9.705027616516542,-86.77104209678367,215.6087555351939,-3821.78744330681,1.471476354275205e-05,0.0002608275271536414,-0.003673555967727938,2.515090416845805e-10,0.6730975745446227,0.06579426681316404,-0.6698742115594331,0.0001756897811836665,1.717340958681205e-05,-0.0001748484292623992
165958.690743756,9.758889993964061,-86.31465804418832,246.7995980360527,-3831.684867965245,1.674043970825628e-05,0.0002599035412684905,-0.003674598687023139,2.502824212735083e-10,0.6718450888420259,0.07105950361651596,-0.6680766201169772,0.0001748250467430774,1.849084148655339e-05,-0.000173844429734859
166341.265037017,9.839769721463409,-85.85747024236551,278.941039717349,-3851.338954947957,1.870754150612913e-05,0.0002582950268876471,-0.003684952330174571,2.484324882767584e-10,0.6708851265288772,0.07634282356007235,-0.6665272884800316,0.0001735888704397454,1.975340335317945e-05,-0.0001724612970973873
166724.7212551063,9.939859119218696,-85.55783191187834,301.5461714773575,-3881.593603891591,1.989392793003665e-05,0.0002560806626434281,-0.003705358176535626,2.459291836032672e-10,0.6706826741056178,0.0798673962986164,-0.665910240463339,0.0001721156118648208,2.049616951909172e-05,-0.0001708908741935809
167109.0614310708,10.05223184637961,-85.40205148406123,315.2497398262053,-3919.941470279337,2.038429647059008e-05,0.0002534665028481416,-0.003733358659806763,2.429632280978129e-10,0.670733431839269,0.08174794188531148,-0.665733137664334,0.0001704074245171499,2.07689904438695e-05,-0.0001691370431529138
167494.2876026437,10.1563067810639,-85.39097522576969,319.14924706203,-3958.851586438105,2.023214913706534e-05,0.0002509674594117277,-0.003761745000185135,2.40021922988018e-10,0.6713104713941717,0.08201140837796884,-0.6662821308569868,0.0001688744006778541,2.06307335111479e-05,-0.0001676094747891551
167880.4018122561,10.24701845849561,-85.5368247851594,311.9533559129023,-3996.581603267126,1.941218143445404e-05,0.0002486986138462435,-0.003788862254102961,2.372091551386235e-10,0.672207144972191,0.08048694816744402,-0.6673711837698384,0.0001675367155654174,2.006006488136244e-05,-0.0001663314307622077
168267.4061070467,10.32412708349794,-85.85181381714085,292.5060458423043,-4033.104706858794,1.78886441343692e-05,0.0002466505423841464,-0.003814693320317876,2.345204044010273e-10,0.6734702660953712,0.07702605260009815,-0.6690509595953189,0.0001663996737108574,1.903144157232417e-05,-0.000165307760382745
168655.3025388742,10.38403379578887,-86.26118426067507,265.6454007852246,-4065.124257519626,1.600678228457397e-05,0.0002449489385380553,-0.003836135657329202,2.321380364123294e-10,0.6749572059882216,0.07246859528658482,-0.671055536161215,0.0001655343303099965,1.777303847242772e-05,-0.0001645774395676291
169044.0931643264,10.41315325309991,-86.79408910513375,228.9592413538891,-4087.669728973896,1.365985763660672e-05,0.0002438730414770469,-0.00384853934210459,2.303267251637281e-10,0.6767093799684066,0.06646163828680889,-0.6734377740916073,0.0001651411747305462,1.621900530137868e-05,-0.0001643427864508164
169433.7800447328,10.41491395982206,-87.37365487412485,188.0769647718041,-4100.172432503954,1.116396649725505e-05,0.0002433800849826624,-0.003851432164175523,2.290962657640239e-10,0.6782303240648604,0.05984634863356646,-0.6755847741300534,0.0001650920023718934,1.456754907587567e-05,-0.0001644480336187794
169824.3652461744,10.38883317568868,-87.96667792982365,145.6220766817099,-4101.675570513098,8.644851518966552e-06,0.0002434958839624329,-0.003843982817542932,2.284855953305416e-10,0.6798081665718915,0.05304012362723107,-0.6777358546096293,0.0001654844150045116,1.291145688125694e-05,-0.0001649799560267516
170215.8508394951,10.3432657915452,-88.51568393415727,106.0937706017275,-4094.387639391545,6.32441657935531e-06,0.0002440728887474728,-0.003828327553101893,2.283658576178832e-10,0.6812389941398634,0.04670839421272885,-0.6796358532675871,0.0001661760893461276,1.139367880681683e-05,-0.0001657850317538326
170608.2389003123,10.28063692184987,-88.99663361547198,71.43884829213975,-4078.994610196878,4.292348631479588e-06,0.0002450832754370929,-0.003805162981826216,2.287004400153293e-10,0.6823324127169583,0.0411346351861026,-0.6810913765657672,0.0001671006696357442,1.007371913852064e-05,-0.000166796744498903
171001.5315090288,10.21191517897556,-89.41872806670705,41.19166262701441,-4060.109071031329,2.498556765494335e-06,0.00024627345295398,-0.003778834156890348,2.292357937543726e-10,0.6833663826084252,0.03623799678916718,-0.6824048801613547,0.0001681487488420293,8.916701166044177e-06,-0.0001679121620891569
171395.7307508425,10.13959461128121,-89.75874000195461,17.00497437782224,-4038.4129654811,1.042669876031387e-06,0.0002476176354357422,-0.003749996472415386,2.299372876465359e-10,0.6837723812045378,0.03227436785137733,-0.6830102740646862,0.0001691590405533423,7.984383766111078e-06,-0.0001689705022091217
171790.8387157588,10.05730179143874,-90.02203089927578,-1.542556043940181,-4011.726689777986,-9.584693110260716e-08,0.0002492691874296347,-0.003716648325282802,2.309344869728881e-10,0.6844062887498902,0.02923012414933583,-0.6837818130972865,0.0001704429353122275,7.279401492136603e-06,-0.0001702874173618369
172186.8574986007,9.987573319161955,-90.23094508035692,-16.07881319806955,-3989.01394755127,-1.010452316871492e-06,0.0002506844464005472,-0.003687106536690575,2.317152284642749e-10,0.6845312983268089,0.02680947157561849,-0.6840061042292114,0.0001714426018806272,6.714500232791976e-06,-0.0001713110656852705
172583.7891990204,9.918768337664366,-90.39566664957826,-27.38875719165354,-3966.053872784565,-1.74114282135936e-06,0.0002521277683905901,-0.003657452889126863,2.325206468788697e-10,0.6848013227158233,0.02492076628431482,-0.6843477237495159,0.0001724996737788268,6.277476271970642e-06,-0.0001723854133778624
172981.6359215101,9.850231050752669,-90.5393448322189,-37.117961014338,-3943.005599404712,-2.387211180501436e-06,0.0002535911670375079,-0.003627834992085691,2.333419043087265e-10,0.6848958549394812,0.02327603023919496,-0.6845002253685436,0.0001735276461890214,5.897297685337697e-06,-0.0001734274080758653
173380.3997754138,9.791795511293884,-90.63403962253396,-43.41411947665894,-3923.010790008642,-2.820582505386314e-06,0.0002548750437905155,-0.00360113692113689,2.339917950067764e-10,0.6850333518917735,0.02221756743124951,-0.6846729678478012,0.0001744433861803817,5.657691971777806e-06,-0.0001743516145713318
173780.0828749375,9.730016884357747,-90.73725213398248,-50.21254264830965,-3902.068039318422,-3.297240525722618e-06,0.0002562319331941025,-0.003573674304122409,2.347065954690429e-10,0.6850839290159084,0.02105429946224551,-0.6847603276110762,0.0001753880414289854,5.390102131934308e-06,-0.000175305196372791
174180.6873391614,9.675518952025772,-90.8027610701905,-54.41151088052029,-3883.279905418165,-3.607514939770511e-06,0.000257463724998711,-0.003548287710871679,2.352997339780689e-10,0.6849510679094132,0.02033616922887139,-0.6846491113346604,0.0001761989474869681,5.231339553905034e-06,-0.0001761212712365747
174582.2152920504,9.625877558041694,-90.86726535782336,-58.52774033907959,-3866.332679450202,-3.914387429957485e-06,0.0002585837750234886,-0.003524677221805491,2.3578757254737e-10,0.6850212539993138,0.01963627505529134,-0.6847397572309829,0.000176985727345207,5.073332254614635e-06,-0.0001769129983459278
174984.6688624657,9.575637487667208,-90.89358373406029,-60.02825145577256,-3848.645031088888,-4.05167255270783e-06,0.0002597685099834553,-0.003500483127383543,2.363264192021669e-10,0.6848910563814952,0.01938711652098763,-0.6846166071783257,0.000177763285708758,5.031920772038309e-06,-0.0001776920524934007
175388.0501841761,9.523761745502128,-90.95074180339518,-63.5753831722148,-3830.973658098676,-4.330629877152598e-06,0.0002609583797144534,-0.003476396447197946,2.368704940480094e-10,0.6846954719760839,0.01876798086226416,-0.6844382019137345,0.000178528607007426,4.893593746153894e-06,-0.0001784615259944271
175792.3613958693,9.476611117198022,-91.00212404663228,-66.73219276383641,-3814.979916667306,-4.583719366655964e-06,0.000262044398710482,-0.003453920902550524,2.3731646775011e-10,0.6847995970445503,0.01822629458112942,-0.684557002957548,0.0001793007840036064,4.772182872158706e-06,-0.0001792372656981315
176197.6046411629,9.430586060896967,-91.00527696880276,-66.65632677949174,-3798.688737996737,-4.61785464395665e-06,0.0002631677033109657,-0.003431261685713369,2.377860772650309e-10,0.6845824266110704,0.01825235038521094,-0.6843390610874971,0.0001800116522913898,4.799474282897221e-06,-0.0001799476590769773
176603.7820686165,9.386910915032027,-91.0292621751079,-67.97661538219806,-3783.636761231365,-4.746795339282724e-06,0.000264210703089158,-0.003409805194207065,2.381829639321653e-10,0.6843768458591121,0.01803010867640794,-0.6841393003834699,0.0001806713403294093,4.759839437236218e-06,-0.0001806086297632452
177010.8958317421,9.34474340940069,-91.05659311489241,-69.51647002592897,-3769.236020070333,-4.891401877975182e-06,0.0002652155401479241,-0.003389014791747308,2.385430670777729e-10,0.6842574776520212,0.01777045616888663,-0.6840266855980517,0.0001813275844538046,4.709154078671407e-06,-0.0001812664247777701
177418.9480890166,9.305138943864911,-91.04878624386505,-68.74624298565728,-3755.226261081263,-4.873390643053613e-06,0.0002662063223894396,-0.00336865271898531,2.388823277231758e-10,0.6839708254374119,0.01792608747504408,-0.683735874031319,0.0001819274516846391,4.768108948104723e-06,-0.0001818649576293512
177827.9410038923,9.264995815932446,-91.10166882828659,-71.96034848192397,-3742.064801365058,-5.137006067803873e-06,0.0002671333588046243,-0.003349125605038663,2.39171169821118e-10,0.6838664066613607,0.01736243214734569,-0.6836459669374568,0.0001825354524619452,4.634325325801436e-06,-0.0001824766133899401
178237.8767448089,9.223623542028831,-91.10074107594215,-71.62328907030182,-3727.677093630907,-5.15249275527468e-06,0.0002681645798210155,-0.003328575533646037,2.395420967385762e-10,0.6839574992944983,0.01744605000804935,-0.6837349604783277,0.0001832636077393348,4.674597571594595e-06,-0.0001832039793759415
178648.7574852051,9.184675504039699,-91.11792158334934,-72.48382205339693,-3714.473469218658,-5.251474001094903e-06,0.0002691146837840404,-0.003309157152457718,2.398406933027573e-10,0.6836364941309279,0.01730329751025114,-0.6834174800243976,0.0001838268112122433,4.652779703941661e-06,-0.0001837679192935707
179060.5854035294,9.144780099651923,-91.14623783234522,-74.05432514868924,-3701.181464522474,-5.403757413777832e-06,0.0002700758765742991,-0.003289731930850939,2.401484307479848e-10,0.6837217085623344,0.01703819062828925,-0.6835093816616651,0.0001845073251501065,4.597880890506572e-06,-0.0001844500271763705
179473.3626832526,9.109753556236024,-91.16420712962316,-74.97686133551258,-3689.434961552821,-5.505898716403316e-06,0.0002709323230825307,-0.003271749091721796,2.403589359535774e-10,0.6835206628620415,0.01688955324736589,-0.6833119635645706,0.0001850383055090894,4.57223092658561e-06,-0.0001849818077812763
179887.0915128787,9.069772513880082,-91.14780126703587,-73.64099058577496,-3675.508676481255,-5.448919797405145e-06,0.0002719620123725191,-0.003251903009378866,2.40714736973808e-10,0.6832825619280452,0.01715006990948236,-0.6830672986880961,0.0001856749077816186,4.660352577864827e-06,-0.0001856164122419204
180301.7740859569,9.035959758079105,-91.17397119670257,-75.09280260027369,-3664.398713605051,-5.589983529612438e-06,0.0002727815149478864,-0.003234616917589445,2.408892445447792e-10,0.6830075138090044,0.01690224466873065,-0.6827983436159725,0.0001861602833061608,4.606869752418032e-06,-0.0001861032719532741
180717.4126010927,8.995052411819145,-91.19097605144849,-75.89820065897081,-3650.804086999654,-5.692024516151341e-06,0.0002737939264230949,-0.003215204934284102,2.412301592839019e-10,0.6829150103009141,0.01676843408857098,-0.6827091114907686,0.0001868261619019503,4.58736758545275e-06,-0.000186769833832045
181134.0092619603,8.959022208916789,-91.19234032448921,-75.73217799768862,-3638.648871171406,-5.717577475293602e-06,0.0002747082861785261,-0.003197129884013959,2.414793417611665e-10,0.6826541721004764,0.01681701554372822,-0.6824469991687185,0.0001873776929600421,4.616002807631215e-06,-0.0001873208272913286
181551.5662773135,8.919683513930913,-91.19161218998077,-75.41047547782215,-3625.406854589486,-5.734958947916944e-06,0.0002757118205239548,-0.003178168238690973,2.418039439215061e-10,0.6826419214032639,0.01689678436540878,-0.6824327743706692,0.000188057880242263,4.654817336939181e-06,-0.0001880002632891057
181970.0858609984,8.882498784102976,-91.21295531627099,-76.50493255724173,-3613.286350431759,-5.857199581900415e-06,0.0002766323502762448,-0.003160257801477161,2.420570583757626e-10,0.6824131412686886,0.01670853246319056,-0.6822085607196128,0.0001886230923210831,4.618338761025283e-06,-0.0001885665450281577
182389.5702319638,8.848210381941747,-91.2018901655718,-75.56275697413135,-3601.653578244735,-5.82254429487985e-06,0.0002775280883586839,-0.003142838538153456,2.422803505524876e-10,0.6821293300571284,0.01690495103551231,-0.6819198234064425,0.0001891534751776742,4.687718435751434e-06,-0.0001890953792869041
182810.0216142743,8.815460538841553,-91.20276790787142,-75.3892262114455,-3590.759230865428,-5.844472477257386e-06,0.0002783699283288944,-0.003126125559193424,2.424565080732676e-10,0.6821353124289489,0.0169664898066395,-0.6819242792907295,0.0001897280525691828,4.719033029511865e-06,-0.0001896693561410514
183231.4422371211,8.772890190348445,-91.20869670448108,-75.46575563490242,-3576.768136473951,-5.89623874902105e-06,0.0002794575990807116,-0.003106782996756268,2.428450992900092e-10,0.6821464207436375,0.01696820471216332,-0.6819353483741709,0.0001904719665987893,4.737937813487729e-06,-0.0001904130300302105
183653.8343348347,8.74148711327843,-91.21015477305171,-75.33800570125737,-3566.409820674684,-5.920492979552813e-06,0.0002802689573339777,-0.003090661047767702,2.429902705632619e-10,0.6817714876598353,0.01701366274876033,-0.6815591659318921,0.0001909191475262864,4.764402805172367e-06,-0.000190859690238861
184077.2001468955,8.709743376230607,-91.20805733005805,-74.98615756462243,-3555.918711518622,-5.92767476687634e-06,0.0002810962756848454,-0.003074482009284824,2.43146659436449e-10,0.6815960435221213,0.01710650365010216,-0.6813813426253162,0.0001914323559430799,4.80451482488934e-06,-0.000191372055272486
184501.5419179474,8.680218486144801,-91.18147428955339,-73.12674187215495,-3545.790072099683,-5.8138725265421e-06,0.0002819046898206705,-0.003058673717706949,2.432803948163403e-10,0.6812868304617189,0.01748714012078025,-0.6810623651993781,0.0001918930068065469,4.925473013986988e-06,-0.0001918297833414977
184926.8618978078,8.643406019181128,-91.20666739434952,-74.44170046704518,-3534.167465842945,-5.957298970524066e-06,0.0002828265887779702,-0.003041636115656867,2.435190871029453e-10,0.6812730277356831,0.01725989817206271,-0.6810543548317086,0.0001925174575758217,4.877386273675082e-06,-0.0001924556639192406
185353.1623414811,8.610379439131183,-91.17092638217585,-72.00449718057173,-3522.834136685696,-5.799543811225486e-06,0.000283743817613965,-0.003024909094960294,2.437406335134791e-10,0.6809089325051088,0.01774798324745303,-0.6806775914160058,0.0001930351281462517,5.031486674591272e-06,-0.0001929695438152954
185780.4455091698,8.576018814438488,-91.2007052662624,-73.61251614050536,-3512.160040209591,-5.965025807340502e-06,0.0002846000432775919,-0.003008807680470311,2.43919114230781e-10,0.6807357545320172,0.0174626301647175,-0.6805117368907057,0.0001935695047304075,4.965557706893826e-06,-0.0001935058045595396
186208.7136662868,8.54402486525996,-91.17742036731457,-71.9640877309018,-3501.43261608935,-5.867334717829897e-06,0.0002854767954169627,-0.002992718749738622,2.441036980037798e-10,0.6806166771990484,0.01780908618101659,-0.6803836401111294,0.0001941292493634105,5.079605963222598e-06,-0.0001940627812375666
186637.9690834669,8.510191963806108,-91.15022771299992,-70.0739226123635,-3490.092090407359,-5.75052660090478e-06,0.0002864099319302821,-0.002976165089890395,2.44333628816684e-10,0.6804479681735465,0.01820065071905181,-0.6802045087360938,0.000194712663719662,5.208182474922018e-06,-0.0001946429969151577
187068.2140365801,8.48039767425661,-91.16069805865033,-70.52117061342611,-3480.674983328839,-5.818544071839318e-06,0.0002871827085977453,-0.002961308161015319,2.444312112055154e-10,0.6802080504915178,0.0181432672243236,-0.6799660387165656,0.0001951689213531508,5.205762988889189e-06,-0.0001950994820440482
187499.4508067418,8.446870914682416,-91.14622236404071,-69.42200940336015,-3469.708518746605,-5.764177859268648e-06,0.0002880933178650827,-0.002945188689729882,2.446398147903136e-10,0.6799710713646702,0.01838211239669091,-0.6797225579871929,0.000195717569192988,5.290963845994527e-06,-0.0001956460390408976
187931.6816803268,8.41451951992601,-91.12839315557143,-68.13285474772263,-3459.096052269862,-5.691973718892361e-06,0.0002889807552251799,-0.002929427494214993,2.448259847157526e-10,0.6798154767626036,0.01866295678841332,-0.679559251640267,0.0001962733166997059,5.388286312234597e-06,-0.0001961993405160181
188364.90894898,8.382013513339551,-91.12261038416111,-67.57917584183448,-3448.664041885937,-5.679948253428721e-06,0.0002898560548772849,-0.002913875691560406,2.450017818022937e-10,0.6793705312833251,0.01879298873972372,-0.679110552377458,0.0001967375623340948,5.44222426992998e-06,-0.0001966622755592887
188799.1349096294,8.351009730529157,-91.09632263342451,-65.80002071069762,-3438.40694825758,-5.563555980063707e-06,0.0002907258893272808,-0.002898527381699363,2.451674759241414e-10,0.6793299531507743,0.01917729562643507,-0.6790592143401704,0.0001973134000371668,5.570102401667489e-06,-0.0001972347631465152
189234.3618644975,8.324465398095297,-91.04560248034426,-62.58669464835709,-3429.176417129064,-5.320564551958245e-06,0.0002915181028475518,-0.002884097645601217,2.452620213802658e-10,0.6789695951550249,0.0198419193254012,-0.678679607312952,0.0001977418213525877,5.778723074690987e-06,-0.0001976573658416623
189670.5921211146,8.292579645440131,-91.02613890566691,-61.23579513868359,-3418.813443385974,-5.237394018984607e-06,0.0002924053331856318,-0.002868768705464111,2.454396532031651e-10,0.6786796508840045,0.02013803037648176,-0.6783808135970461,0.0001982566970267363,5.882745094633359e-06,-0.000198169400327353
190107.82799233,8.268011831733176,-91.0238614597407,-60.96073179375499,-3411.028732842208,-5.237701288805694e-06,0.0002930730826953611,-0.002855653497246965,2.454340161128157e-10,0.6783467138955012,0.02022937040710692,-0.678045010914288,0.0001986107861554071,5.922887334283407e-06,-0.000198522451583931
190546.0717963247,8.23396787412346,-90.99135286020709,-58.83129296874138,-3399.847366216502,-5.088145605385134e-06,0.0002940428054944515,-0.002839746361550311,2.456748567604249e-10,0.6781719904774389,0.02068318523740312,-0.6778565146965593,0.0001992135922459961,6.075703048914855e-06,-0.0001991209209701869
190985.3258566238,8.209270848708162,-90.97722436484167,-57.85674527210483,-3391.878052152308,-5.027443482871102e-06,0.0002947361647771148,-0.002826574010037885,2.456857127714763e-10,0.6778893825746184,0.02091620364500412,-0.6775666221357706,0.0001995982325575801,6.158581896505354e-06,-0.000199503198744115
191425.5925021086,8.187936668300196,-90.95744352391826,-56.56826725532891,-3384.86938958586,-4.935916068224763e-06,0.0002953498846533097,-0.002814245932487329,2.456281946576093e-10,0.6776473911913303,0.02121727525675511,-0.6773151511808184,0.00019994022508533,6.260168408639619e-06,-0.0001998421974925914
191866.8740670289,8.160053364093322,-90.94948512108289,-55.95200050864612,-3376.061349974532,-4.90767378972561e-06,0.0002961218124312707,-0.002800467014656379,2.45702627964245e-10,0.6775297672723302,0.02138251235789425,-0.677192272331398,0.0002004264646517669,6.325362462698814e-06,-0.0002003266270931587
192309.1728910159,8.130896566933423,-90.9207902800231,-54.10792030861329,-3366.552233249573,-4.772851881717459e-06,0.0002969630891322117,-0.002786156380602686,2.45829939660318e-10,0.6773691353002205,0.0217915205326264,-0.6770185190157242,0.0002009455031068449,6.464581612433451e-06,-0.0002008414907419261
192752.4913190936,8.103768322733334,-90.91684309394176,-53.7405283938757,-3358.091114914622,-4.764373166343323e-06,0.0002977119815565199,-0.002772762087971488,2.458825202957937e-10,0.677231318765778,0.02190888412778449,-0.6768768425005468,0.0002014099639509152,6.515746451926841e-06,-0.0002013045419926813
193196.8317016924,8.072840166597445,-90.91969795267057,-53.75572239535244,-3348.611874891778,-4.792732298449645e-06,0.0002985542668319419,-0.002758575943978989,2.460114488058763e-10,0.6769652849693381,0.02194187322874018,-0.6766096003256464,0.0002018995216321647,6.543989488023593e-06,-0.00020179344151106
193642.1963946607,8.050654497443707,-90.88987561417927,-51.89838339782035,-3341.275103051466,-4.647555621253389e-06,0.0002992147514173442,-0.002746201286607518,2.459845877047308e-10,0.6769453311447633,0.02236886484005027,-0.6765756537479463,0.0002023374555076904,6.686004003716695e-06,-0.0002022269597550952
194088.5877592778,8.023248584687749,-90.88444357690321,-51.45033110337572,-3332.776397740308,-4.630973868706778e-06,0.0002999786410930488,-0.002732916159801441,2.460446661327845e-10,0.6768519505679828,0.02250555430723328,-0.6764776884813032,0.0002028246350864905,6.743987124441791e-06,-0.0002027124841632439
194536.0081622662,7.999307121180546,-90.85686543748744,-49.72922576708629,-3324.982206354512,-4.497134852660576e-06,0.0003006862289533137,-0.002720253997360281,2.460542133368283e-10,0.676386416856621,0.02289121703612442,-0.675998947551506,0.0002031606294257184,6.875646739023128e-06,-0.0002030442484547992
194984.4599758046,7.974575963744774,-90.83405642710321,-48.28976248980067,-3317.046733078941,-4.387931665180782e-06,0.0003014091112590525,-0.002707520302396642,2.460755935971127e-10,0.6761421076351605,0.02322786471532479,-0.6757430103360919,0.0002035731779018193,6.99345623142834e-06,-0.000203453017502776
195433.9455775394,7.946107835928077,-90.81653340975522,-47.14755439518698,-3308.09856366977,-4.307388875267898e-06,0.0003022270642503464,-0.002694006085213846,2.461737213967233e-10,0.6757331459362375,0.02349638675981547,-0.6753245177883871,0.0002040001383525269,7.093430562956477e-06,-0.0002038767757511842
195884.467350599,7.928278800486677,-90.83547941258507,-48.16658466438051,-3302.949621985586,-4.414175601346874e-06,0.0003026953174163604,-0.002683626559229101,2.459904131700632e-10,0.6759108479675576,0.02335542314073573,-0.6755072158090837,0.0002043697761673855,7.061793154998806e-06,-0.0002042477331285301
196336.0276836047,7.905038446305809,-90.8027027404884,-46.17023581781177,-3295.350125823287,-4.250829834019403e-06,0.0003033983340190166,-0.002671294045881688,2.459906313530231e-10,0.675411089454131,0.02380063974394439,-0.6749916068407037,0.0002046901565227963,7.213024409279437e-06,-0.0002045630280774069
196788.6289706845,7.88536975130287,-90.80126591469941,-46.0035693073962,-3289.343128757513,-4.250971870701935e-06,0.0003039526133287832,-0.002660292015882212,2.458730633945285e-10,0.6753777475413474,0.02389290554417654,-0.6749549843794629,0.0002050527633120482,7.254171940403197e-06,-0.0002049244073588257
197242.2736114853,7.865336974936369,-90.78658704681648,-45.07392120301112,-3283.022792027453,-4.181149442568125e-06,0.0003045399324145561,-0.002649073629437717,2.457798268093948e-10,0.675216261485911,0.02413674106578837,-0.6747847193777681,0.0002053979735122281,7.342296068510423e-06,-0.0002052667002009149
197696.9640111861,7.847521441037989,-90.80942473964161,-46.31162395332186,-3277.98736625482,-4.309121918337904e-06,0.000305004359644145,-0.00263892718505641,2.455912311448629e-10,0.6752555900509306,0.02394601682374495,-0.6748308678278635,0.0002057231704039881,7.295386476040115e-06,-0.0002055937746558332
198152.7025805098,7.822009134509162,-90.8353048579924,-47.68687668305945,-3270.737827172779,-4.456717458549596e-06,0.0003056764332371934,-0.002627035039003271,2.455694841302317e-10,0.6750691282055818,0.02371167748473616,-0.6746525655528957,0.0002061197136655132,7.239916579616446e-06,-0.0002059925240620963
198609.4917357372,7.800811214655424,-90.87345608058743,-49.77743785722275,-3264.979460283781,-4.668428349737328e-06,0.0003062094661725786,-0.002616378581186261,2.454367989543451e-10,0.6749944222597363,0.02333704819491973,-0.6745908776905475,0.0002064571652051215,7.137986116164425e-06,-0.0002063337350477141
199067.3338987186,7.771581808329744,-90.9460116553727,-53.78846195045707,-3257.43534127739,-5.067795928142078e-06,0.0003069062947722263,-0.002604329531184166,2.45439426640219e-10,0.6750171020437888,0.02256088805335415,-0.6746399738985519,0.000206936920717824,6.916388767462354e-06,-0.0002068213062587902
199526.231496888,7.7418519478564,-90.99113534541,-56.21424076020077,-3249.321582481983,-5.322687803993685e-06,0.0003076644658798828,-0.002591867684100741,2.45486399611465e-10,0.6752413069784944,0.02211444574372312,-0.674879080976343,0.0002075186036914405,6.796324298764651e-06,-0.000207407282548302
199986.1869632744,7.711691503017784,-91.06628460140637,-60.3336108472352,-3241.594381984801,-5.739731198118255e-06,0.0003083833396451796,-0.002579757018351181,2.455056326618983e-10,0.6751935147677486,0.02130549207496844,-0.6748572874259189,0.0002079924562827378,6.563128247032089e-06,-0.0002078888819012205
200447.2027365161,7.677203643248346,-91.09695052118391,-61.88385795453492,-3231.91482446593,-5.922408621210658e-06,0.0003093006941082751,-0.002566138179747332,2.456745815516606e-10,0.6752316530014951,0.02102339821620594,-0.6749042909498905,0.0002086238564926116,6.495522526156016e-06,-0.000208522712635727
200909.2812608728,7.645037512911567,-91.13173296343601,-63.67068352674229,-3223.010292916086,-6.126982952024549e-06,0.0003101479052066787,-0.002553182294687505,2.45786734248605e-10,0.6750187820779413,0.02068526228484265,-0.6747017682518658,0.0002091306018131808,6.4085940497477e-06,-0.0002090323863353445
201372.4249862388,7.606820333380126,-91.18109184592787,-66.23425369433042,-3212.625385177174,-6.41472309641414e-06,0.0003111396461644804,-0.002539102413790729,2.460141260943865e-10,0.6751858042860478,0.02018726997481486,-0.6748839488685155,0.0002098536573060761,6.274380190382773e-06,-0.0002097598380004203
201836.6363681561,7.569790116883271,-91.21138097499674,-67.71538581123205,-3202.318490436756,-6.600307408198998e-06,0.0003121341804765505,-0.00252513530882442,2.462383025232774e-10,0.6749363259876344,0.01990159694665662,-0.6746428466801224,0.0002104477354051051,6.205394267733892e-06,-0.0002103562274312769
202301.9178678272,7.536907555367582,-91.24427890223902,-69.35865477152797,-3193.282016180328,-6.79862792657752e-06,0.0003130097658923076,-0.002512218484718469,2.46367182286047e-10,0.6748316267666328,0.01958980188158538,-0.6745472289964137,0.0002110066864573239,6.12534893065739e-06,-0.0002109177608220254
202768.2719521282,7.501284263380655,-91.24336561606296,-69.08357388416785,-3182.954239368287,-6.815684371197379e-06,0.0003140256104855423,-0.002498334162212353,2.465981060363573e-10,0.6745362537310154,0.01967072022978825,-0.6742493755007225,0.0002115975023406696,6.170573111293536e-06,-0.0002115075105623624
203235.7010936222,7.468460039622483,-91.24780390255016,-69.12532834344758,-3173.546246060454,-6.860275313553454e-06,0.0003149554799956691,-0.002485220704203824,2.467603060694524e-10,0.6744337356180924,0.0196944231159095,-0.6741461217257773,0.0002121909061906442,6.196275878811041e-06,-0.000212100416867201
203704.2077705718,7.434092699209971,-91.24472650936812,-68.73897339665005,-3163.613388805668,-6.8648530877359e-06,0.000315945090061581,-0.002471744272593584,2.469657492565066e-10,0.6743497339899535,0.01980725896491512,-0.6740587780191115,0.0002128295874051825,6.251312250377921e-06,-0.0002127377596248689
204173.794466953,7.401592244636495,-91.27012198673083,-69.94423609430221,-3154.69939420453,-7.02461507912821e-06,0.000316831667226558,-0.002459110895536229,2.470939711954911e-10,0.6740101082896597,0.0195778923658861,-0.6737257099199558,0.0002133201127694051,6.196284233593842e-06,-0.0002132301024096932
204644.4636724674,7.36941444147194,-91.27257211045152,-69.8757368341077,-3145.539982270228,-7.058651196095706e-06,0.0003177536375885594,-0.002446331691009013,2.472435221974167e-10,0.6739041963137661,0.0196254058617873,-0.6736183706328556,0.0002139061587205082,6.229364951559526e-06,-0.000213815433846258
205116.2178825566,7.339016858112776,-91.27201729136435,-69.65257753849633,-3136.862265735002,-7.075094092888887e-06,0.0003186327982513147,-0.002433972021052094,2.473572714545096e-10,0.6737955616918931,0.01970832877083825,-0.673507268507738,0.0002144620673267529,6.27295454593991e-06,-0.0002143703066269423
205589.0595984141,7.305896905761343,-91.26506396629561,-69.06162617451578,-3127.349114656134,-7.0578484904735e-06,0.0003196037720322937,-0.002421009519396749,2.475390763970541e-10,0.6734557905375835,0.01985979132956068,-0.6731629004163464,0.0002150052347670072,6.340370306753899e-06,-0.0002149117276501892
206062.9913270001,7.274589827243533,-91.28832828661322,-70.14110797417322,-3118.857340207812,-7.207124152527561e-06,0.0003204681635935414,-0.002408882639701224,2.47642181739891e-10,0.6733469802183791,0.01966317161527143,-0.6730598156562599,0.0002155525281929054,6.294594731215879e-06,-0.0002154606007777826
206538.0155810529,7.246954016564404,-91.28676795344863,-69.87998157020277,-3111.015344226019,-7.216546409987243e-06,0.0003212763671271867,-0.002397299444731022,2.476954212152455e-10,0.6731297573591832,0.01975518559400118,-0.6728398047712245,0.0002160249639217876,6.339956313853934e-06,-0.0002159319105443844
207014.1348791042,7.214698345641444,-91.30367402045226,-70.59810322784534,-3102.213604029996,-7.332039157821198e-06,0.000322183608067564,-0.00238501892586531,2.478268938309245e-10,0.6730487031153298,0.01963450545935764,-0.6727622484656773,0.0002166090076194465,6.31902375409717e-06,-0.0002165168171775038
207491.351745491,7.180764832404957,-91.30657529297079,-70.53955763386543,-3092.75581637172,-7.370816576984145e-06,0.0003231681145237659,-0.002372278997707509,2.480130306384081e-10,0.6728328632240065,0.01967451935792962,-0.6725451472743291,0.0002172001299033258,6.351217953075958e-06,-0.0002171072510547129
207969.6687103696,7.150428911381584,-91.31811757952926,-70.97199131233799,-3084.45788154554,-7.455888940169641e-06,0.0003240345237634123,-0.002360472667244535,2.481082967503983e-10,0.6724920265971803,0.01960964598401434,-0.6722060603871139,0.0002176717633058051,6.347236919285873e-06,-0.0002175792019567792
208449.0883097289,7.118232599262749,-91.33063009009467,-71.44235688232625,-3075.692950785364,-7.548063790202463e-06,0.0003249546572188625,-0.002348351535234522,2.482430819290815e-10,0.6724888040116153,0.01954344702162367,-0.6722047643385799,0.0002182885535917297,6.343764769165056e-06,-0.0002181963548680934
208929.613085404,7.089052795787651,-91.34998424236217,-72.29799656391697,-3067.890248855985,-7.677246813587144e-06,0.0003257759793750587,-0.002337006663431982,2.483020542670463e-10,0.6723509792727692,0.01939328364386618,-0.6720712312534738,0.0002187957765463421,6.310942774609609e-06,-0.000218704741228471
209411.2455850893,7.058138525133691,-91.36930106929685,-73.13567598819067,-3059.639584938001,-7.808015475095498e-06,0.0003266492434043844,-0.002325361098263725,2.48399009961312e-10,0.6721945710618306,0.01924327035281145,-0.6719190709535836,0.0002193316044032587,6.278922118904719e-06,-0.0002192417109656196
209893.9883623525,7.023423104658582,-91.38244982198906,-73.61254798345665,-3050.287787931236,-7.907102316246413e-06,0.0003276470967774354,-0.002312921790137249,2.48587516536131e-10,0.6718696959319246,0.01916102283597888,-0.6715964141622079,0.0002198951071383355,6.271179061817043e-06,-0.0002198056652057783
210377.8439766475,6.993643787165902,-91.37593957518366,-73.06644138031176,-3041.989624980609,-7.891362891647778e-06,0.0003285426741724136,-0.002301324495480933,2.48692336795799e-10,0.6718032310648883,0.01931678434918632,-0.6715254597642822,0.0002204723345706177,6.339380855777584e-06,-0.0002203811756057758
210862.814993329,6.958457039552838,-91.38856212815828,-73.50859113727783,-3032.566816808674,-7.98844484747045e-06,0.0003295600199588077,-0.002288919452995181,2.488913212316655e-10,0.6715577258346451,0.01924334960699002,-0.6712819620875444,0.0002210739723865428,6.334829570090892e-06,-0.0002209831921234821
211348.9039836646,6.926764731871636,-91.41948402847878,-74.9440373201907,-3024.407736082425,-8.188225876479867e-06,0.00033044034683923,-0.002277510940676988,2.489887881037373e-10,0.6714406682123015,0.01895945713693111,-0.6711729359222218,0.0002216273734177106,6.25808784843385e-06,-0.0002215390010461242
211836.1135248502,6.890439558732977,-91.43013309722346,-75.26454705128783,-3014.716108794522,-8.276124275398522e-06,0.0003314995724936393,-0.002264991378238852,2.49214731194494e-10,0.6714138317197219,0.01891582795144292,-0.6711473198020464,0.000222328499851732,6.263689327230513e-06,-0.0002222402484752336
212324.4462000219,6.855103091076336,-91.4413444249287,-75.61874838885529,-3005.333821664651,-8.366988680470542e-06,0.0003325312122014621,-0.002252749233164544,2.494177819446384e-10,0.6711743697688149,0.01885982914931893,-0.6709093392396803,0.0002229404958776449,6.264571253167934e-06,-0.000222852462066687
212813.9045982712,6.818776834455713,-91.46528292006549,-76.63457302185373,-2995.92675959747,-8.532539062743152e-06,0.0003335682720916735,-0.002240532891078279,2.496254952652051e-10,0.6707606115787992,0.01865022976222735,-0.670501280368189,0.0002234988197136962,6.214295036549532e-06,-0.0002234124100192601
213304.4913146576,6.784527310781653,-91.46689315145601,-76.48382683967458,-2986.74989942098,-8.568152678580252e-06,0.0003345926872176111,-0.002228532588987287,2.498165888295956e-10,0.6706355688980521,0.01871025120692353,-0.6703745167971317,0.0002241420987283644,6.253403737809014e-06,-0.0002240548490081118
213796.2089502233,6.746772242453988,-91.46889522332189,-76.33029283599627,-2976.689803670536,-8.608833209646802e-06,0.0003357228838583881,-0.002215918133589125,2.500843712430139e-10,0.6705271136664123,0.01876631796904758,-0.6702644518932019,0.0002248615586359929,6.293292877158795e-06,-0.0002247734748963283
214289.0601120059,6.709498699609736,-91.46173460624397,-75.70183608195732,-2966.649778932204,-8.595896058127628e-06,0.0003368612237219754,-0.002203364821763412,2.503536064305925e-10,0.6702619625291726,0.01892530037923898,-0.6699947249187963,0.0002255325630084852,6.368064635697496e-06,-0.0002254426417738488
214783.0474130534,6.677879934939107,-91.45521448677201,-75.14769766872681,-2958.13441760557,-8.582220902277427e-06,0.000337832878692249,-0.002191987312605653,2.504968258981418e-10,0.6699074688703534,0.01907430878969497,-0.6696358619372762,0.000226061310982244,6.436654988113108e-06,-0.0002259696568027992
215278.1734724373,6.63913255117844,-91.45213557049976,-74.72784667386509,-2947.846964164174,-8.593965453286555e-06,0.0003390127790268929,-0.002179340377417472,2.5079287728342e-10,0.6697045093115757,0.01918748205358113,-0.6694295857853175,0.0002267802876819982,6.497406900361598e-06,-0.0002266871910468278
215774.4409152667,6.614751393996797,-91.39150202265031,-71.42559366827921,-2940.405671399401,-8.256256423371222e-06,0.0003398885744591299,-0.002168839345909513,2.508492921714411e-10,0.6692849027913897,0.01996654643470134,-0.6689870089381041,0.0002272161918723954,6.778462545344829e-06,-0.0002271150595942826
216271.852372702,6.584016538304919,-91.37422548476957,-70.33748400394832,-2932.028407680303,-8.177124722105e-06,0.0003408646515847925,-0.002157686306602697,2.509874220686463e-10,0.6687338753714011,0.02023489685380555,-0.6684276662575902,0.000227677900293217,6.889196133163761e-06,-0.0002275736479880016
216770.4104819695,6.560004659946133,-91.36402042082216,-69.66004680926072,-2925.522650255992,-8.13449637033653e-06,0.0003416255726184924,-0.00214794717544843,2.509670274472966e-10,0.6687307470687273,0.02043728058721177,-0.6684183791887366,0.0002281825645543205,6.973555675954192e-06,-0.0002280759791995224
217270.1178863744,6.526667479332206,-91.36949326483334,-69.73317495191068,-2916.885983900554,-8.191291662613144e-06,0.0003426355369190469,-0.002136680493799066,2.511312035517287e-10,0.6686892484145051,0.02045577966507255,-0.6683762952285558,0.000228841911522177,7.000471042911023e-06,-0.0002287348112428479
217770.9772353159,6.503511549130819,-91.38645904335327,-70.45665778933224,-2911.071322417706,-8.309253663826656e-06,0.0003433150366539589,-0.002127516699138471,2.510540811492923e-10,0.6684547628598509,0.02033453588597017,-0.6681454008225468,0.0002292153979567539,6.972781098046834e-06,-0.0002291093166683358
218272.9911843001,6.472821103824322,-91.39553434217386,-70.72673330348655,-2903.219086495137,-8.386221120020456e-06,0.0003442409409005152,-0.002116898045825071,2.511541283509927e-10,0.6683248761794456,0.02030872348957386,-0.6680162392266338,0.0002297882252823511,6.98269014778699e-06,-0.0002296821075241007
218776.1623949553,6.435619900311207,-91.42095559618296,-71.78683921734029,-2893.995862584324,-8.566075077365481e-06,0.0003453305104773894,-0.002105319618808751,2.513750822752366e-10,0.6680540288224119,0.02008833039847217,-0.6677519332863499,0.0002304230378476667,6.928802036959285e-06,-0.0002303188400311183
219280.4935350449,6.402548867867347,-91.44873680111894,-72.98604198099207,-2885.894061784078,-8.757927604893199e-06,0.0003462915727787845,-0.002094597188140124,2.515010178896251e-10,0.668046240982853,0.01984862273282929,-0.6677513101948435,0.0002310628186315154,6.865211467777461e-06,-0.0002309608084187516
219785.9872784825,6.363621350468951,-91.47091294819928,-73.85616422794396,-2876.252344730869,-8.92167743235551e-06,0.0003474455504424371,-0.002082797833983607,2.517637193875927e-10,0.667774958567355,0.01966667481400781,-0.6674852936143183,0.000231739335523201,6.824967146307488e-06,-0.0002316388124908832
220292.6463053456,6.32797609850145,-91.47145350704373,-73.64903295384585,-2867.131699312606,-8.953344463997782e-06,0.0003485506421201774,-0.002071418134441803,2.519837236019792e-10,0.6676261922257696,0.01974063164278625,-0.6673342790597708,0.000232423046800054,6.87237529863472e-06,-0.0002323214220462134
220800.47330189,6.29249821772624,-91.47649107074281,-73.6699911260315,-2858.158280225757,-9.01217529790442e-06,0.0003496433630144663,-0.002060185884724125,2.521934808674222e-10,0.6674165924879832,0.01976058039118688,-0.6671239970132046,0.0002330773920488759,6.900854121382846e-06,-0.0002329752109060121
221309.4709605637,6.253096635278257,-91.48375501005501,-73.77656610543535,-2848.274051594228,-9.087901467731906e-06,0.00035085441489637,-0.002048339335067952,2.52486614033763e-10,0.6667774187623051,0.01974207333360095,-0.6664850911399393,0.0002336598226718327,6.918244716304567e-06,-0.0002335573818595285
221819.6419800219,6.219873590397947,-91.46730440703017,-72.73576234899897,-2839.588763966065,-9.014719958562494e-06,0.0003519327587687955,-0.002037396616906035,2.526764011277421e-10,0.6668560873710673,0.02002090141781236,-0.6665554776387834,0.0002344022252982696,7.037416218712784e-06,-0.0002342965599357902
222330.9890651403,6.18272704637976,-91.46271763302462,-72.26725379494401,-2830.149148867349,-9.016538178092194e-06,0.0003531080331745343,-0.002025953415776816,2.529360943329472e-10,0.6663583600758487,0.02014452754336467,-0.666053798167257,0.000235007312757594,7.10445245137857e-06,-0.0002348999016707152
222843.5149270304,6.145998091343692,-91.46730463442567,-72.25949115208985,-2820.994799890329,-9.074139898884389e-06,0.0003542524457354954,-0.002014755811880341,2.531732671054005e-10,0.6661586726291631,0.02017060175683257,-0.6658532300318259,0.0002356971043774675,7.13666671766508e-06,-0.0002355890341252831
223357.2222830532,6.107509717830131,-91.44089685097269,-70.70574217544375,-2810.948291303519,-8.942815628197219e-06,0.0003555268855978969,-0.002002963283496278,2.534937610489804e-10,0.6659339248899884,0.02055616791024983,-0.6656165835375726,0.0002364607609277819,7.299113206494045e-06,-0.0002363480789110511
223872.113856834,6.069963190672022,-91.44351494472531,-70.59954914046433,-2801.633834143423,-8.988836609493153e-06,0.0003567080679883424,-0.001991734771051359,2.53751581746605e-10,0.6654123746399304,0.02059538951091104,-0.6650935710521076,0.0002370591141702422,7.337291850169761e-06,-0.0002369455375386617
224388.1923782766,6.039675734446337,-91.41593506462948,-69.05261007793146,-2793.643414139515,-8.842455800875959e-06,0.0003577369252959144,-0.001981486431544815,2.538920840550413e-10,0.6650045583985594,0.0209885717870139,-0.6646732599896015,0.0002375925778367418,7.49878901281069e-06,-0.0002374742116661292
224905.4605835782,6.003727943185527,-91.40566298794431,-68.32897086310672,-2784.576525223536,-8.806942091266098e-06,0.0003589049256350477,-0.001970512931331375,2.54132947792636e-10,0.6649202392377377,0.02119109774713833,-0.6645824718755691,0.0002383352938761478,7.595777976186083e-06,-0.000238214223890947
225423.9212152429,5.977602638944527,-91.37344980169954,-66.59451613042792,-2777.570642831194,-8.626977456410084e-06,0.0003598200078871449,-0.001961034548642329,2.541879849652157e-10,0.6644753244032711,0.0216364869712781,-0.6641229699177511,0.0002387780747885022,7.775034699486974e-06,-0.0002386514568049508
225943.5770220978,5.937670479586071,-91.39341477345931,-67.33214747405961,-2768.082662051198,-8.782283823004287e-06,0.0003610472633898479,-0.001949840948606977,2.544726289507229e-10,0.6642197955335359,0.02148317878578498,-0.6638722842594578,0.0002395006000987273,7.746282549575069e-06,-0.0002393752964579107
226464.4307593059,5.906662362289479,-91.39857586412188,-67.39758225882152,-2760.543865935962,-8.838859249127747e-06,0.0003620316614377851,-0.001940058314732345,2.545807016029844e-10,0.6642448046347711,0.02151072716125224,-0.6638964144362277,0.0002401613916512112,7.777322659401679e-06,-0.0002400354292434724
226986.4851883822,5.864862384076316,-91.41515786622155,-67.95197102657283,-2750.625563981583,-8.975820126524882e-06,0.0003633319228969088,-0.001928641939802184,2.549110469574356e-10,0.6637043043719586,0.02138791078915316,-0.6633596015088202,0.0002408277455482012,7.760688462329375e-06,-0.000240702668743867
227509.7430772071,5.82910571557283,-91.40025625293954,-67.01769733553094,-2741.688673871309,-8.910330427979545e-06,0.0003645209099401665,-0.001917954365222955,2.551537724111789e-10,0.6632846121611206,0.02163361707846478,-0.6629317184611326,0.0002414597105651288,7.875423042339542e-06,-0.0002413312444299328
228034.2072000419,5.789956978631645,-91.41523746205836,-67.50690386624311,-2732.455955215788,-9.03601310216606e-06,0.0003657478924132388,-0.001907099278626999,2.554270933999929e-10,0.6630423876074988,0.0215394216691602,-0.662692433243666,0.0002421837302806562,7.867517349453722e-06,-0.0002420559054917059
228559.880337543,5.745600951418123,-91.41344346434677,-67.15739637263496,-2721.760636070648,-9.060030654271867e-06,0.0003671856880746886,-0.001895265514244456,2.558410347518172e-10,0.6628106805055509,0.02163978527270636,-0.6624573328793203,0.0002430487944754937,7.935182515810074e-06,-0.0002429192239705034
229086.7652767774,5.706014742390359,-91.40408479402717,-66.47616121917194,-2712.116117499866,-9.032095817019018e-06,0.0003684943924390694,-0.001884206125211108,2.561603169960822e-10,0.6625547844338401,0.02182690748276835,-0.6621951589115636,0.0002438180600394362,8.032232751373701e-06,-0.0002436857189874324
229614.8648112362,5.664073596843339,-91.39044598417124,-65.58194255838218,-2701.889097152286,-8.978286196360208e-06,0.0003698934895602296,-0.001872783828047886,2.565385364829601e-10,0.6621541585030465,0.02205870320071189,-0.6617866296896459,0.0002445925164497501,8.148244115354979e-06,-0.0002444567553189272
230144.1817408509,5.626265592675894,-91.36252394113014,-64.03974210746765,-2692.440950913269,-8.82900122343345e-06,0.0003712001901841447,-0.00186194273120235,2.568466728208696e-10,0.6617950120283609,0.02245668097791749,-0.6614138911642803,0.0002453186921267878,8.32439578250424e-06,-0.0002451774156435578
230674.7188720069,5.581727330247222,-91.32234229904665,-61.89250001758251,-2681.264442484295,-8.604534494879467e-06,0.0003727597427587483,-0.001849949105149625,2.573241120355806e-10,0.6612446680060531,0.0229892010585192,-0.6608449194789398,0.0002461385708148776,8.557390881929935e-06,-0.0002459897703240612
231206.4790175595,5.54406816365521,-91.28205987514832,-59.79295728797906,-2671.725691347946,-8.372378119685667e-06,0.0003741025487719215,-0.001839128177421632,2.576488835951746e-10,0.6608894710264127,0.02352909744598139,-0.6604704947890928,0.0002468867009886191,8.789701607223708e-06,-0.0002467301851632665
231739.4649968478,5.50317758777992,-91.23207279354079,-57.23707487144676,-2661.31785454179,-8.077614035640348e-06,0.0003755799628724746,-0.00182775036481078,2.580615990622241e-10,0.6601713867718206,0.02416710605421609,-0.6597288919679,0.0002475857401961383,9.063450735255448e-06,-0.0002474197902538099
232273.6796357108,5.47076111637831,-91.17682902492064,-54.49515915787843,-2652.809769378267,-7.740383508499706e-06,0.0003767997985030906,-0.001817716878387585,2.582938248467539e-10,0.6596194941325663,0.02487057367970665,-0.6591504620377239,0.0002481752535006761,9.357305207883952e-06,-0.0002479987848546266
232809.1257665008,5.434548604103781,-91.11970918817886,-51.666002538263,-2643.424791774577,-7.391031782747104e-06,0.0003781526669658309,-0.001807120407833794,2.586146796019438e-10,0.6591748784024025,0.02559873195589215,-0.6586776337777627,0.0002488915028423198,9.665579008109987e-06,-0.0002487037530266611
233345.8062281003,5.403905652069207,-91.05269931428239,-48.4217616647225,-2635.178303146234,-6.970660972374834e-06,0.0003793528760927551,-0.001797339577914944,2.588273260087838e-10,0.658564817271696,0.02643302862261561,-0.6580341279492564,0.0002494428833237372,1.001196951565042e-05,-0.000249241875509067
233883.7238659355,5.367146025032873,-91.00944579633432,-46.26913346529326,-2625.94760513183,-6.707866974729562e-06,0.0003806967171980156,-0.001786924437275586,2.591397736979827e-10,0.6580062617188196,0.02699543243480506,-0.6574522698179949,0.0002501088390643965,1.026099090405866e-05,-0.0002498982661880771
234422.8815319923,5.334061590730177,-90.96141253959259,-43.92531687625323,-2617.501807916943,-6.409418593415058e-06,0.0003819361122248417,-0.001777080584282048,2.593780024666553e-10,0.6575644020612369,0.02761672292654365,-0.6569842155432278,0.0002507489899402533,1.0531083126738e-05,-0.0002505277474537201
234963.2820848307,5.301898952880432,-90.89536088241027,-40.77404003713898,-2608.992958271096,-5.988690525359075e-06,0.0003831960579745138,-0.001767229850197941,2.596254275334979e-10,0.6570778629405012,0.02844185662171557,-0.6564620162342721,0.0002513833273537002,1.088121964981059e-05,-0.0002511477181468113
235504.928389601,5.27512142762851,-90.82804396645231,-37.60258168499379,-2601.696670986157,-5.554099166354628e-06,0.0003842842875120587,-0.00175823448131058,2.59754733475386e-10,0.6566203995013838,0.02928167564572256,-0.6559671733499594,0.0002519152445117949,1.123404098564215e-05,-0.0002516646314851778
236047.8233180577,5.241606412415098,-90.79411920037802,-35.94752960858528,-2593.451767032117,-5.343542511949667e-06,0.0003855124377313919,-0.001748631538268439,2.599812073237662e-10,0.6561531699035638,0.02973799168965561,-0.6554789349969692,0.0002525363758894444,1.144538347447105e-05,-0.0002522768803210018
236591.9697485759,5.208505442875459,-90.74521225829314,-33.62447057758969,-2585.077733691304,-5.030773574075021e-06,0.0003867701268210182,-0.001738976601915044,2.602235065253371e-10,0.6556746362125411,0.03036456389781425,-0.6549711610687479,0.0002531705217850237,1.172443169403369e-05,-0.0002528988944269095
237137.3705661655,5.174294743302832,-90.71135538179418,-31.99300428614712,-2576.728847368922,-4.817820766393435e-06,0.0003880291340939911,-0.001729373704731288,2.60466222799337e-10,0.6551552085495713,0.03081652966487898,-0.6544300488127405,0.0002537894566493285,1.193749239478998e-05,-0.0002535085493266168
237684.0286624876,5.144003264312317,-90.66375657838864,-29.76309185884751,-2569.049130934799,-4.508945009123966e-06,0.0003891968385562505,-0.001720253861965703,2.606439938865873e-10,0.654828187789847,0.03143399372417742,-0.6540732830216225,0.0002544215197870037,1.221310353678143e-05,-0.0002541282153416432
238231.946935869,5.110523266933933,-90.625952218219,-27.97816398177441,-2560.845526953128,-4.265801191224157e-06,0.000390449420002466,-0.001710816829361161,2.608775754189542e-10,0.6540340689779613,0.03191645671118808,-0.6532548531582996,0.000254926829270396,1.244027107585307e-05,-0.0002546231095902666
238781.1282913177,5.074666745397814,-90.57277770423353,-25.5117034669662,-2551.887464506147,-3.917175398605451e-06,0.0003918276491774326,-0.001700911236565108,2.611912435429173e-10,0.6538125548097106,0.03260141327766403,-0.6529992378855428,0.0002557354508412963,1.275187675931579e-05,-0.000255417326068762
239331.5756405388,5.036124021111696,-90.53788607061955,-23.8709996560283,-2542.671074340124,-3.691917312185784e-06,0.0003932525446700213,-0.001690870371178324,2.615350797702645e-10,0.6531897475698351,0.03305746785575041,-0.6523527037955088,0.0002564173153520789,1.297709768324695e-05,-0.0002560887239768416
239883.291901949,5.004980259559249,-90.49040811520274,-21.69731269153831,-2534.897052111334,-3.37639678569305e-06,0.0003944644380845068,-0.001681823660471931,2.617337968329483e-10,0.6525538701853034,0.03365526763119343,-0.6516854121848137,0.0002569530863879012,1.32522773768705e-05,-0.0002566111177416027
240436.2800006933,4.972870935448974,-90.41953183045116,-18.50020825407448,-2526.542284674376,-2.898012072192651e-06,0.0003957766280970896,-0.001672425199455997,2.619953362586319e-10,0.6519760593445743,0.03452094669745051,-0.6510615072307621,0.0002575748858953272,1.363812179780537e-05,-0.0002572135756094904
240990.5428686594,4.937814686909087,-90.39263286267453,-17.25753474969812,-2518.302776319883,-2.721087287578487e-06,0.0003970741922473901,-0.001663137193195961,2.622480015597421e-10,0.6515583515741774,0.03489450140305384,-0.650623285225707,0.0002582507644541667,1.383073617399518e-05,-0.0002578801428533164
241546.0834444941,4.903880200126793,-90.35505224734808,-15.55520239775083,-2510.154618966205,-2.468641591008896e-06,0.0003983665357603483,-0.001653943255201769,2.624941674434935e-10,0.6508982782673605,0.03537578312187611,-0.6499362450424874,0.0002588255202731353,1.406695297452951e-05,-0.0002584429739394583
242102.9046736177,4.873329439481341,-90.30476515182812,-13.31157114605191,-2502.548758180768,-2.125455097146975e-06,0.0003995813082899483,-0.001645139308551039,2.62686397052589e-10,0.6504745475433363,0.03601326914751848,-0.6494768521256292,0.0002594422656899218,1.436391966114658e-05,-0.0002590443341173245
242661.0095082416,4.837542032664807,-90.27292669685048,-11.88087483364001,-2494.145292675325,-1.90983156975539e-06,0.0004009298545946169,-0.001635843982200108,2.629652626607613e-10,0.6499810748147554,0.03643717610619647,-0.6489589584979552,0.0002601174319992189,1.458187791198127e-05,-0.0002597083889026851
243220.4009073815,4.800272341802454,-90.25350469918676,-10.99785682548626,-2485.660699646338,-1.779983055612955e-06,0.0004022996477932329,-0.001626529623839492,2.632560046266542e-10,0.6495818882523474,0.03672539490157364,-0.648542885948808,0.0002608432040153767,1.474728567421974e-05,-0.0002604259868873503
243781.0818368752,4.763938477913677,-90.25771403937861,-11.14513209123489,-2477.803405846542,-1.815276320165741e-06,0.0004035751045244795,-0.001617658995845671,2.634834164520425e-10,0.6492110878866859,0.03674771829175485,-0.6481702259710516,0.0002615186594330875,1.480291110887782e-05,-0.0002610993739065298
244343.0552693971,4.719537086109344,-90.2667297642317,-11.49098194262335,-2468.340994885036,-1.885981454383143e-06,0.0004051216303960216,-0.001607775060924855,2.638851647485406e-10,0.6488763517677846,0.03671789863263324,-0.6478366428378943,0.0002623833877009077,1.484746147126756e-05,-0.0002619629649955583
244906.3241844746,4.674273595486516,-90.27148753207366,-11.65011994844393,-2458.66800282439,-1.927173731515093e-06,0.0004067151592025211,-0.001597791185566233,2.643140457371416e-10,0.6484427245679896,0.0367308161044434,-0.64740158649285,0.0002632372526544706,1.491098404339715e-05,-0.0002628145995562863
245470.891568503,4.615325768962509,-90.29991023669434,-12.80643363570205,-2446.558358909234,-2.139464795395591e-06,0.0004087262408618392,-0.001586264888252692,2.650113973148003e-10,0.6481403201153607,0.03648405808478973,-0.6471126548483718,0.0002644138664724343,1.488395423553823e-05,-0.0002639946224626872
246036.7604147627,4.555710322104407,-90.33290226155312,-14.14496141292698,-2434.460693079741,-2.386610637817187e-06,0.0004107547286867886,-0.001574790906909186,2.657157912109739e-10,0.6477611071986897,0.03618184435185406,-0.6467498172698394,0.0002655691937462769,1.483383785471367e-05,-0.0002651545849529056
246603.9337234339,4.482854196869604,-90.33072009641931,-13.96359577001466,-2419.103730739853,-2.386018549899828e-06,0.0004133624655672132,-0.001561257806337688,2.667876001448975e-10,0.6469198612086786,0.03625108485596451,-0.6459033717770961,0.0002669057145150365,1.495644559026043e-05,-0.0002664863320624301
247172.414501613,4.408715973225533,-90.33404656428617,-14.0141759083826,-2403.688949090144,-2.425472017462801e-06,0.0004160130658282546,-0.001547741396119926,2.678809712206423e-10,0.6462813864434515,0.03626959246775565,-0.6452628511897246,0.0002683498061069028,1.505990782104975e-05,-0.0002679268885611032
247742.2057633285,4.329203487994104,-90.30872237888255,-12.86081062848587,-2386.814462930711,-2.257451418941068e-06,0.0004189563046794002,-0.001533341155368368,2.691543919512853e-10,0.6456147165965627,0.03660894115865442,-0.6445759441006949,0.0002699665127194983,1.530818292224763e-05,-0.0002695321456256119
248313.3105295571,4.242445553052935,-90.24948601989739,-10.31133910609552,-2368.038410479979,-1.838778216480371e-06,0.0004222824407360783,-0.001517780169156507,2.706645567763994e-10,0.6444766954152724,0.0373015257648118,-0.6433963064154214,0.0002716263734006641,1.572140348578252e-05,-0.0002711710238931037
248885.731828239,4.153513193658731,-90.11395258216157,-4.669219164401825,-2347.697559211798,-8.471459611385169e-07,0.0004259475589460407,-0.001501282008770181,2.723817358185554e-10,0.6429900612851391,0.03882570789599295,-0.6418167832939881,0.0002733474010930417,1.650555271065206e-05,-0.000272848618127408
249459.4726942955,4.062292429294102,-89.94503433630631,2.231877227824808,-2326.490716625582,4.12351191238383e-07,0.00042983153663007,-0.001484299207439295,2.742324273012607e-10,0.6413718948562764,0.04070710296787229,-0.6400787758389537,0.0002751428294055523,1.746298454501718e-05,-0.0002745880928665213
250034.5361696431,3.977831453899308,-89.6700358712672,13.27431363330111,-2304.958850679525,2.498453768921244e-06,0.0004338328358644115,-0.001467179695768761,2.761575716172295e-10,0.639192454686485,0.0437217126053054,-0.6376953865091023,0.0002767624346245382,1.893096130575231e-05,-0.0002761142226024257
250610.9253032114,3.903887321677017,-89.28052058157682,28.67742111364573,-2283.607828258462,5.498301665939871e-06,0.0004378345136652563,-0.001450245928069381,2.780984757620477e-10,0.6366743158208673,0.04795812552974067,-0.63486549963094,0.0002782297155152582,2.09579298099706e-05,-0.0002774392542049193
251188.643150958,3.859908839546637,-88.77701265151008,48.37773975936899,-2266.106298312081,9.41644842058939e-06,0.0004410845397029106,-0.00143582135889518,2.79601729720763e-10,0.6337273157644341,0.05337875257845616,-0.6314752722943019,0.0002790366180841127,2.350321064995339e-05,-0.0002780450203131912
251767.6927758856,3.854333289829581,-88.21405375597985,70.30934667297291,-2254.896566923351,1.381458296229897e-05,0.0004430485727602425,-0.001425432829883603,2.803454463485346e-10,0.6310068024210203,0.05941582591385634,-0.6282032667318556,0.000279145365585231,2.628442733523115e-05,-0.0002779051349064483
252348.0772480574,3.874909175341886,-87.73451201184947,89.01647712650228,-2250.115748239913,1.755421926233714e-05,0.0004437271220485252,-0.001419139181747253,2.802949494479428e-10,0.6288709607778964,0.06454337484746868,-0.6255500284333889,0.0002787065223681244,2.860469105361261e-05,-0.0002772347331419012
252929.7996446145,3.888449084385334,-87.43376247410977,100.7145207725233,-2247.12548768192,1.990517123216494e-05,0.0004441208404644839,-0.001413993644145041,2.800224209209132e-10,0.627495540851511,0.06776843240515144,-0.6238253708834539,0.000278402790270988,3.00670195174337e-05,-0.0002767744351778357
253512.8630497907,3.862761974593419,-87.32257225785983,104.7486059643468,-2239.9423615684,2.083175490786033e-05,0.0004454658833341328,-0.001406231994683943,2.802743076835928e-10,0.6266335685375087,0.06897497927310503,-0.6228258837366406,0.0002788845523250964,3.069745570941478e-05,-0.0002771899344105734
254097.2705549305,3.801494867689127,-87.20154971116226,108.7951846033171,-2225.713049190777,2.190962188539471e-05,0.0004482232509734812,-0.001394085158448285,2.814174086176487e-10,0.6255591432389477,0.07026070417838895,-0.6216008969895419,0.0002801553603186345,3.146611013216187e-05,-0.0002783826679741657
254683.0252585041,3.704127602112011,-87.03728529016989,114.0610977926939,-2203.855049924801,2.342123242604733e-05,0.0004525381778406241,-0.00137721948566282,2.8355486605608e-10,0.6237662877291205,0.0719267966768713,-0.6196054531935399,0.0002820797369909487,3.252675286937618e-05,-0.0002801981234210132
255270.1302661247,3.60381273995517,-86.71181683879838,125.1688251361585,-2178.640875701865,2.628413662697869e-05,0.0004574916667610881,-0.001358331522095914,2.861768401261439e-10,0.6210464451202204,0.07520681960154427,-0.6164759697521743,0.0002840093652417679,3.439266300405607e-05,-0.0002819192513407365
255858.5886905646,3.499424611993036,-86.21470586315085,142.2236052929638,-2149.622430618554,3.064434685236402e-05,0.0004631704788372127,-0.001337156737106533,2.893729598361414e-10,0.6175873254272811,0.08019404646995153,-0.6123585709690015,0.0002860839067113036,3.714814920017806e-05,-0.0002836617998430582
256448.4036517717,3.405506715616917,-85.51740561510134,166.1112115324964,-2118.872283364912,3.677294451527634e-05,0.0004690663092050943,-0.001314997453194742,2.928972887412001e-10,0.6130899730762117,0.08709173398812525,-0.6068725936780567,0.0002878661071759735,4.089246200614433e-05,-0.0002849468410278049
257039.5782768863,3.330734189971186,-84.58996911760664,197.665576133474,-2087.183163875159,4.497095611453031e-05,0.0004748556845438551,-0.001292351628865024,2.966603936991437e-10,0.6077056448578715,0.09614090096879721,-0.6000525626584969,0.0002892619186417743,4.576212465606963e-05,-0.0002856191266762133
257632.1157002576,3.29420417196565,-83.38445651778126,238.5397196789308,-2056.751487551095,5.564091540741776e-05,0.0004797504402492977,-0.001270579815197466,3.003573829130647e-10,0.6015834286457895,0.1077360622264547,-0.5918577215151976,0.0002899385355865326,5.192436264761205e-05,-0.0002852511436992011
258226.0190634596,3.302826682603781,-81.87692338740554,289.4404572049777,-2027.859318041873,6.898026757416762e-05,0.000483285162385695,-0.001249850172077388,3.039361157405927e-10,0.5947354057568695,0.1219528110481246,-0.5820976848762143,0.0002897315116972599,5.941057478449158e-05,-0.0002835749151003236
258821.2915153092,3.376921448122732,-80.08936466537739,350.1564943859401,-2004.109753437455,8.459795974550761e-05,0.0004841937789679013,-0.001232371463301287,3.068305722286735e-10,0.5876952231469549,0.1384784080516809,-0.5711474466486052,0.000288261031330634,6.792284018959995e-05,-0.0002801444448215578
259417.9362118814,3.540464439157737,-77.96640448486751,423.8254103462208,-1988.208660370983,0.0001025565601680716,0.0004811033886275241,-0.0012197816419976,3.085731759462594e-10,0.5802141664166529,0.1575934673788648,-0.5584019859832862,0.0002848113315922336,7.735834092368598e-05,-0.000274104326293614
260015.9563165272,3.805412502129234,-75.65310810632371,507.768385064805,-1985.264915729495,0.0001209229877239333,0.000472782812192757,-0.001215174365301752,3.083199763420343e-10,0.5740190441594271,0.178163819007221,-0.5456697871922767,0.0002795273978160471,8.675961053693866e-05,-0.0002657222913292925
260615.3549998895,4.18161770355688,-73.24828079901209,601.9358712081065,-1999.796494224827,0.0001380107997482364,0.0004585098292078175,-0.001221253817657287,3.053755969501459e-10,0.5697461905613647,0.1994876275692404,-0.5336809984494323,0.000272229430471216,9.531683430076265e-05,-0.000254997184128695
261216.1354399207,4.654568829641611,-71.01016056802762,700.8374754082366,-2036.552966926938,0.000151084200178434,0.0004390332807901628,-0.001240840160999305,2.991743952954805e-10,0.5678164284667782,0.219510002787969,-0.5236705597155464,0.0002630732970875234,0.000101700509675375,-0.0002426202093236862
261818.3008218985,5.199153824304675,-69.21161096508861,797.2196384901815,-2099.977360146935,0.0001580071977919383,0.0004162109437390833,-0.001276540930100253,2.894713049933536e-10,0.568744978234352,0.2363010499471959,-0.5173322569303468,0.0002526566136210988,0.0001049732751225593,-0.0002298172663585673
262421.8543384442,5.767112797923099,-67.97940695302155,884.4055686382593,-2186.7174506096,0.0001589540696938267,0.0003930183734370811,-0.001326211539382603,2.773495470098112e-10,0.5722123437980559,0.2489571509496949,-0.5152157833237209,0.0002420620214538348,0.0001053159231313936,-0.0002179508627312568
263026.7991895381,6.336789222885796,-67.4164946864404,955.7485356351596,-2297.902771757709,0.0001543069876981053,0.0003709997363453084,-0.001390438487624471,2.633228110398096e-10,0.5781356870138374,0.2567146140855486,-0.5180139761761932,0.0002317959073821751,0.0001029263514549318,-0.0002076908973819069
263633.138582538,6.889263536682076,-67.54016319939726,1005.485279424541,-2432.277204905831,0.0001451550731269808,0.0003511313221266215,-0.001468362218087792,2.482030203038752e-10,0.5852675793773496,0.258828528795035,-0.5249246918863886,0.0002218877751035693,9.812757174890774e-05,-0.0001990104630492455
264240.8757321946,7.397951695695665,-68.37681979776652,1024.898981019194,-2585.542709080898,0.0001324937929438958,0.0003342459761291815,-0.001557298436834156,2.329530578731361e-10,0.5940082191057227,0.2549681243163537,-0.5365044454128527,0.0002131061459251286,9.147226007852008e-05,-0.0001924761155759067
264850.0138606701,7.83451153519143,-70.00292054030305,1001.476824865828,-2751.971416882451,0.0001167725629650543,0.0003208808707071072,-0.001653727888701802,2.18361572330181e-10,0.6036582543994359,0.2436182815925042,-0.552316413823172,0.0002056757029001054,8.300451611599954e-05,-0.0001881827438098436
265460.5561975539,8.14676768608185,-72.31649768225155,927.8304247338009,-2910.169745197602,9.944637478776934e-05,0.0003119167290294236,-0.001744771075669689,2.060164077670111e-10,0.6140075004397041,0.2250016566599694,-0.571296302365491,0.0002005724730165248,7.349932806486421e-05,-0.0001866203785924196
266072.505979881,8.307391756447334,-75.17896985318392,804.6761425635339,-3041.056938241257,8.1317126174013e-05,0.0003073161955088,-0.001819050195218585,1.96696023475071e-10,0.6241141393598625,0.1995108657106788,-0.5913661077642828,0.0001979600326310482,6.328197840036735e-05,-0.0001875728278003536
266685.866452148,8.287015406784775,-78.24553229724434,649.0265313534129,-3119.095465206162,6.394355128014157e-05,0.0003073002892673171,-0.001861438957629009,1.913336975385988e-10,0.6332461202740507,0.1701350919607507,-0.609962867169506,0.0001983208075008553,5.328311969331305e-05,-0.0001910289293367352
267300.6408663312,8.120545250721724,-81.084547482198,492.697082386838,-3140.75572083026,4.874763610478434e-05,0.0003107475616282301,-0.001870054618627917,1.895771421878499e-10,0.6409284660559942,0.1415059200604141,-0.625112288464037,0.0002011501984818201,4.441048481066862e-05,-0.0001961864194794253
267916.8324819031,7.862728982358317,-83.40283139269043,360.6128990649409,-3118.035750491006,3.660231381554253e-05,0.0003164815327557095,-0.001852256903124634,1.905193281175954e-10,0.6468348042315987,0.1172718102417765,-0.6361152305109093,0.0002056111427615303,3.727751005323392e-05,-0.0002022036826369229
268534.4445658507,7.572366498848244,-85.19237592033885,258.4044488092885,-3072.353573381273,2.718293004369868e-05,0.0003231971145990918,-0.001820921926497101,1.929074222782647e-10,0.6505321616711258,0.09800551028232976,-0.6431073108920532,0.0002105145041877942,3.171492913087769e-05,-0.0002081117962626248
269153.4803926916,7.296208684941373,-86.51633125843993,183.9188767739523,-3021.17898332391,2.007552433094018e-05,0.0003297744812914938,-0.001786473533464305,1.957238169932519e-10,0.6531925883995107,0.08356030697351033,-0.6478257733669951,0.0002153139253551092,2.75442465482174e-05,-0.0002135448452525056
269773.9432444921,7.039120020035412,-87.4988361803496,129.7088885778422,-2969.43786015318,1.468227610099787e-05,0.0003361227361173537,-0.001751839736498524,1.986762207494898e-10,0.6547737374140853,0.07271594762279183,-0.6507234728888524,0.0002197905897831312,2.440886080399609e-05,-0.000218431020854337
270395.8364108843,6.810258574943483,-88.23430857935789,90.06707805227474,-2921.705151233554,1.054097512179546e-05,0.0003419409397793462,-0.001719715152600463,2.014576415483151e-10,0.6558750216416264,0.06456692188609076,-0.6526891730460673,0.0002238617475324688,2.203783264993809e-05,-0.0002227743610480885
271019.1631890843,6.620003002243822,-88.7686533565843,61.93355538386533,-2881.386018559779,7.456285384329042e-06,0.0003468949315703965,-0.00169208266461113,2.038068079887788e-10,0.6566407095667458,0.05864732772638821,-0.6540164465905066,0.0002273122816984838,2.030221045813635e-05,-0.0002264038287253208
271643.9268839082,6.443526490384678,-89.23128502975793,38.16010337402941,-2844.073243663865,4.716825520307252e-06,0.0003515450973978906,-0.001666329597119805,2.060057559385398e-10,0.6572115392203305,0.0535133206398728,-0.655029260261288,0.0002305247380934932,1.877043157162842e-05,-0.0002297592778794547
272270.1308077913,6.280526323259712,-89.65841037596188,16.75414315631384,-2810.18582329592,2.121469089374971e-06,0.0003558357060638676,-0.001642688323751724,2.080104210542009e-10,0.6575448976595762,0.04875609063639373,-0.6557348062014081,0.0002334372922945353,1.730906866061505e-05,-0.0002327946854546006
272897.7782808041,6.127685217212829,-89.986109719702,0.6733954931445018,-2777.677492223595,8.727835265427452e-08,0.0003600129763180777,-0.00161995127255157,2.099608449976e-10,0.6578439752996631,0.04512829559525486,-0.6562942425274894,0.0002362783823160374,1.620876846226281e-05,-0.0002357217634729985
273526.8726306712,5.983889215752488,-90.27866245340074,-13.36180819977142,-2747.299360765462,-1.77028418771164e-06,0.0003639852140189076,-0.001598549602142448,2.117942408637557e-10,0.6578364032324066,0.04187940769129413,-0.6565019791509967,0.0002388828749318853,1.520784386601732e-05,-0.0002383982999533965
274157.4171927883,5.851425348588977,-90.4968567902305,-23.57800108936714,-2718.864097579216,-3.189329017855623e-06,0.0003677729986163125,-0.00157836568915634,2.135170850105277e-10,0.6577462654926691,0.03947707265739441,-0.6565605154926357,0.0002413393241824322,1.448487134883251e-05,-0.0002409042504789836
274789.4153102397,5.728580218515108,-90.63977738555759,-30.05923647683704,-2691.867270973421,-4.147787608766807e-06,0.0003714430244957219,-0.001559099290047311,2.151624542920585e-10,0.6571726969724985,0.03790982303150209,-0.6560783481900828,0.0002435384840636611,1.404881985320831e-05,-0.0002431329345867363
275422.8703338166,5.618865372611332,-90.77161731107036,-35.93431284332191,-2668.110167097418,-5.04688094312444e-06,0.0003747291457942266,-0.001541785260216856,2.165790148302436e-10,0.6569722235466301,0.0364927900491804,-0.6559579093099113,0.0002456223722660092,1.364356869472565e-05,-0.000245243150344417
276057.7856220346,5.528205090222446,-90.82534360756222,-38.14351482368328,-2647.759345032817,-5.439682729032631e-06,0.000377599464716004,-0.001526506441143083,2.17741706422842e-10,0.6565280938427341,0.03595743192667278,-0.6555426767907736,0.0002473369668332606,1.354641519725594e-05,-0.0002469657259572287
276694.1645411511,5.442170900810065,-90.87701963147407,-40.23928929585002,-2628.631445042355,-5.822227141862457e-06,0.000380336969491584,-0.001511993173903971,2.188217227247335e-10,0.6560071787932428,0.03544227479061157,-0.6550490544882394,0.0002489330192781291,1.34491706172209e-05,-0.0002485694428054951
277332.0104651841,5.368840760794699,-90.91738827819107,-41.83155357901662,-2612.37984700631,-6.128017562641253e-06,0.0003826945980503809,-0.001499189239595186,2.196766043652752e-10,0.655525370597142,0.03505937649953245,-0.6545871612061944,0.00025029212607182,1.338634060010039e-05,-0.0002499338997793015
277971.3267759288,5.312109176295405,-90.959261365689,-43.534389372174,-2600.025188529698,-6.438068698603742e-06,0.0003845038605859842,-0.001488667430981131,2.202128087706615e-10,0.6553449087458642,0.03467599974734978,-0.654426867159843,0.0002514064104255844,1.330256557738872e-05,-0.0002510542271146548
278612.1168629771,5.253352777128684,-91.03417501279952,-46.71472330651722,-2587.826797829337,-6.973356544850943e-06,0.0003862987439565176,-0.001478275357789867,2.207419759729454e-10,0.6553171397100355,0.03392366132799138,-0.6544384912272856,0.0002525722053721521,1.307485099458869e-05,-0.0002522335568436957
279254.3841237338,5.200544585293951,-91.15488631740251,-51.96608881441767,-2577.77261660574,-7.817256443522496e-06,0.0003877742207819624,-0.001469145257601219,2.210932713821956e-10,0.6550936040584207,0.03263870255665751,-0.6542800204604057,0.000253457779999371,1.262801688311472e-05,-0.0002531430019412137
279898.1319634363,5.138465053037121,-91.27983679616078,-57.32240898078472,-2565.784832850267,-8.702965332984683e-06,0.0003895498610269342,-0.001458949855055399,2.216153805897429e-10,0.6552324292468371,0.0313236548803857,-0.6544832809030693,0.0002546812624377162,1.217514215264013e-05,-0.0002543900771461652
280543.3637951713,5.079287782764759,-91.46374305613486,-65.29879632716832,-2555.456333934119,-9.992744223844735e-06,0.0003910641995951012,-0.001449734906928882,2.219993317911965e-10,0.6556644681277205,0.02934761634364262,-0.6550073375010032,0.0002558566569450466,1.145217313427382e-05,-0.0002556002281563885
281190.0830398941,5.005731138057747,-91.64313326590347,-72.91877906681864,-2541.96841735753,-1.127565711204697e-05,0.0003930724654277553,-0.0014387663833384,2.226639870190868e-10,0.6559416230922106,0.02741410995037821,-0.6553685066285015,0.0002572982025603387,1.075339781270784e-05,-0.0002570733931706328
281838.2931264454,4.930087782915406,-91.79952683518019,-79.41747964233399,-2527.770088467988,-1.241687996681076e-05,0.0003952154854769602,-0.001427439472886052,2.233996874531311e-10,0.6558210981842237,0.02572654291446001,-0.6553163036375882,0.0002586717076877667,1.014717093885966e-05,-0.0002584726045058604
282487.9974915708,4.854883647772667,-91.92640872960474,-84.53513585682089,-2513.319825723838,-1.336751560567418e-05,0.0003974305080590096,-0.00141601511351556,2.241673586392461e-10,0.6558639930677449,0.0243832477015121,-0.6554105847743791,0.0002601542182499671,9.671829542755476e-06,-0.0002599743698646991
283139.1995799379,4.777383389744397,-92.03168292816613,-88.62080468694512,-2498.160357520867,-1.418237213059641e-05,0.0003997914480400101,-0.001404237103606739,2.250089635760486e-10,0.6556205607948105,0.02327695587191059,-0.6552072214667959,0.000261616121386239,9.288340355746958e-06,-0.0002614511841675519
283791.9028441557,4.701826602468588,-92.12212375764412,-92.01902187712183,-2483.309689882026,-1.490115518134239e-05,0.0004021362355022322,-0.001392678960927815,2.258339592379752e-10,0.6554685495223727,0.02234434668338463,-0.6550875892460915,0.000263101500486301,8.968898880149765e-06,-0.0002629485851093721
284446.1107447915,4.637258355870213,-92.18607537960655,-94.30502247231631,-2470.480954032983,-1.54290585715593e-05,0.0004041905122379466,-0.001382297879268615,2.264845710075283e-10,0.655219885386743,0.02171196813796606,-0.6548600527179778,0.0002643532249241435,8.759851348732751e-06,-0.0002642080478186516
285101.826750391,4.572601275998466,-92.23194332300359,-95.77755132876135,-2457.442955054532,-1.583571372195077e-05,0.0004063098563742699,-0.001371840363568441,2.271625244585091e-10,0.654826051065828,0.02128218315100433,-0.6544801187467756,0.0002655847044880601,8.631639370212008e-06,-0.0002654444010707192
285759.0543374947,4.509171203102854,-92.27226962500512,-97.00276623233856,-2444.663669328441,-1.620550776909348e-05,0.0004084111992356276,-0.001361567730803274,2.278248081421433e-10,0.6546020174473128,0.02092182667552149,-0.6542675893047519,0.0002668711619442231,8.529506549132286e-06,-0.0002667348207405401
286417.7969906581,4.45056318633781,-92.30668963198694,-97.99881838531466,-2432.873805949087,-1.653017965423392e-05,0.00041037067335135,-0.001351884890547562,2.284023400852203e-10,0.6540628676780236,0.02061943936344319,-0.653737771278008,0.0002679339663575197,8.446662309891791e-06,-0.0002678007920524044
287078.0582024691,4.397829315361935,-92.31644050683417,-97.97291182612861,-2421.981282452622,-1.667456001470096e-05,0.0004122105947040777,-0.001342736869519021,2.289018744818667e-10,0.6536083978096126,0.02060167424843993,-0.6532836357244913,0.0002689469121387756,8.477180973462338e-06,-0.0002688132789720877
287739.841473567,4.344100257321537,-92.34887476379954,-98.90787238313806,-2411.294399525944,-1.69824477896726e-05,0.0004140184219801339,-0.001333737521258808,2.293875770944578e-10,0.6535125804581972,0.02033686395337982,-0.6531960691719396,0.0002700898360718989,8.40501073067899e-06,-0.0002699590253056237
288403.1503126606,4.291438736116625,-92.37756831118371,-99.68288347910011,-2400.826867918579,-1.726437490219302e-05,0.0004158063418349501,-0.001324893514938491,2.298578228986532e-10,0.6529997426040077,0.02010217563402899,-0.6526902530110887,0.0002710456949593732,8.343966788092462e-06,-0.0002709172327007804
289067.9882365476,4.241294836873494,-92.40013390558724,-100.2111027879526,-2390.830929374764,-1.750071493909919e-05,0.000417531085862868,-0.001316342784368105,2.302879777683006e-10,0.6526847570457056,0.01994387373928336,-0.6523799766854308,0.0002720398880115679,8.312633503361505e-06,-0.0002719128551458816
289734.3587701322,4.185414970449871,-92.45010803117127,-101.8434253911369,-2380.156767417868,-1.794433911317755e-05,0.0004193725811267503,-0.001307451820613107,2.307887150312156e-10,0.6523582493686803,0.01947368504990837,-0.6520675280290732,0.0002731097998901733,8.152658807107398e-06,-0.0002729880893929722
290402.2654464451,4.137792167565565,-92.46677101391424,-102.1287857610202,-2370.683158040431,-1.813827112799364e-05,0.0004210379430117294,-0.001299252753854363,2.311780612624682e-10,0.6520051484347793,0.01938232409445423,-0.651716993102187,0.0002740460203520184,8.146636258945967e-06,-0.0002739249050167642
291071.7118066605,4.084494438220002,-92.49857943097996,-102.9969449497478,-2360.360803899409,-1.845191294009715e-05,0.0004228588729696713,-0.001290620401031889,2.316550315377256e-10,0.651535620481654,0.01911570092416776,-0.6512551379717412,0.0002750362924091966,8.069415307024175e-06,-0.0002749178907943239
291742.7014001168,4.037799181735123,-92.51311318852323,-103.1919398748802,-2351.135852080299,-1.863178776503155e-05,0.0004245085832850044,-0.001282619551211865,2.32029074429137e-10,0.6514218382683422,0.01905630705403299,-0.651143047674141,0.0002760607596154135,8.075717287564829e-06,-0.0002759426132182749
292415.2377843335,3.98954182937613,-92.52999573719734,-103.4684112796598,-2341.683684127651,-1.883233841417194e-05,0.000426211044057135,-0.001274525008718692,2.324298498588353e-10,0.6509527057238903,0.0189601427567975,-0.6506765233784723,0.0002769684565478285,8.067193559687154e-06,-0.0002768509460170886
293089.3245250321,3.939384814139739,-92.55761093990486,-104.1698970293494,-2332.07112349818,-1.911582219149965e-05,0.0004279495152247482,-0.001266373818111909,2.328511248451573e-10,0.6506373054736271,0.01874697779436122,-0.6503671686805536,0.0002779659506607899,8.009103475603829e-06,-0.0002778505425373033
293764.9651961531,3.894479556493975,-92.5674453935726,-104.1758423062341,-2323.258944717789,-1.926191413898363e-05,0.0004295661386085267,-0.001258687008123658,2.331967608821968e-10,0.6502977229287209,0.01873529481134832,-0.6500277818482925,0.000278869046596812,8.034310466628502e-06,-0.0002787532869853568
294442.1633798762,3.852229004579013,-92.57295456044587,-104.0256457784422,-2314.935349996488,-1.937254131184078e-05,0.0004311069675795397,-0.001251292952275899,2.33496978357421e-10,0.6499123516708308,0.0187715864851177,-0.6496412028151705,0.0002797011956257012,8.078681948697485e-06,-0.0002795845019531994
295120.9226666385,3.807895343678303,-92.55057574769148,-102.7134704888687,-2305.81681144205,-1.928043768021613e-05,0.000432826942010698,-0.001243497547003569,2.338812091218524e-10,0.6494722484266408,0.01912247476650296,-0.6491906749447043,0.0002806185249351505,8.262278604028463e-06,-0.0002804968650253494
295801.2466551547,3.763817472478335,-92.5578120423291,-102.6221475026101,-2297.240493097351,-1.940717699715956e-05,0.0004344379253362287,-0.00123602312052979,2.342144408885527e-10,0.6490490046983211,0.0191382880896479,-0.6487667812310359,0.0002814774743206959,8.299830914616117e-06,-0.0002813550805596849
296483.1389524342,3.720492481136446,-92.56559477614559,-102.5590618241128,-2288.854620586534,-1.95373896089494e-05,0.0004360243130668871,-0.001228678730845178,2.345319005077952e-10,0.6484661474091827,0.01914342029422015,-0.6481835186080765,0.0002822497609816283,8.332317460212846e-06,-0.0002821267446732559
297166.6031738027,3.681273643681362,-92.54495753531731,-101.3772704719465,-2280.851135060818,-1.944865575333634e-05,0.0004375683853382068,-0.001221566383048023,2.348135695944598e-10,0.6479112255311924,0.01947082492996481,-0.6476185938852268,0.0002829987410700622,8.504589403059112e-06,-0.0002828709235788038
297851.6429429189,3.641531294153805,-92.53546413328809,-100.6486926717206,-2272.948956386713,-1.944366073039741e-05,0.0004390960994360881,-0.001214534384401019,2.350879932367255e-10,0.64767295420046,0.01968165925416971,-0.6473738393631255,0.0002838766442361638,8.62651952013433e-06,-0.0002837455414693846
298538.261891796,3.610579054161498,-92.52617271646741,-100.0055623758556,-2266.742607263892,-1.94256351812057e-05,0.0004403046579840472,-0.001208432340889747,2.351894971933587e-10,0.6473068981675852,0.01988637617872257,-0.6470013542936514,0.0002844914045287574,8.740063030515241e-06,-0.0002843571179854088
299226.4636608189,3.57737536525771,-92.53304599210358,-99.99647298547613,-2260.37847969334,-1.953319289935416e-05,0.0004415396618619915,-0.001202268021018104,2.353092327448008e-10,0.6470403323282806,0.019911728817887,-0.6467338824547348,0.0002851697201337972,8.775684993151266e-06,-0.0002850346586541524
299916.2518987652,3.546318336024612,-92.5231886413263,-99.33374371463636,-2254.181283933166,-1.951086872779429e-05,0.0004427602693181329,-0.001196214248784015,2.354134608733661e-10,0.6465799626535977,0.02012004648986172,-0.6462668425924184,0.0002857487216917377,8.891827611330523e-06,-0.000285610341812394
300607.6302628231,3.511242407384785,-92.54350217828254,-99.84719785913799,-2247.713641972621,-1.97241263549764e-05,0.0004440203514435905,-0.001190038777333295,2.355478530931456e-10,0.6462452359393206,0.01999211642960976,-0.6459359258122536,0.0002864143697586367,8.86045901600366e-06,-0.0002862772842372632
301300.6024186122,3.479092783474429,-92.56418093701598,-100.3961424414154,-2241.820886496101,-1.993632383233473e-05,0.0004451731518803951,-0.0011841890548788,2.356238351711558e-10,0.6460733008476904,0.01986545163779254,-0.6457678173302358,0.0002870824505468978,8.827206649641189e-06,-0.0002869467090502634
301995.1720402016,3.4426903053117,-92.58664470436808,-100.9770176827554,-2235.183617293367,-2.017022238097847e-05,0.0004464793242831775,-0.001177967578113819,2.357799797196718e-10,0.6456943132021825,0.01971267087503822,-0.6453933348808388,0.0002877571710991908,8.78505864126176e-06,-0.0002876230384786285
302691.3428101306,3.404010852275376,-92.61794254732628,-101.8850703850224,-2228.284776369805,-2.047680322277838e-05,0.000447839400980036,-0.001171630921067108,2.359660042585315e-10,0.6457331550023545,0.01947345862976623,-0.6454394564002804,0.0002886544653427531,8.704990204705993e-06,-0.0002885231767256256
303389.1184194271,3.363252588713088,-92.66358146914475,-103.3365095041311,-2221.249882473358,-2.089873670722649e-05,0.0004492247384542508,-0.001165245808681875,2.361689038143078e-10,0.6452983390950903,0.01905891588862041,-0.6450168247139237,0.0002893592071156223,8.5462373849406e-06,-0.0002892329728249216
304088.502567628,3.325577986918601,-92.70789711631187,-104.7528562104688,-2214.791359149556,-2.130736769329378e-05,0.0004505020250570815,-0.001159185532335198,2.36312835434942e-10,0.6452527424624734,0.01867131242881387,-0.6449825453045445,0.000290168106266931,8.396429821144421e-06,-0.0002900465994642853
304789.4989627983,3.284685935632709,-92.74173271834704,-105.7198012714558,-2207.609175200806,-2.16429827375006e-05,0.0004519422728324715,-0.001152769087661761,2.365363774110398e-10,0.6451149402022617,0.01839935158627558,-0.6448525024634488,0.0002910378887562751,8.300704427144644e-06,-0.0002909194922959325
305492.1113215514,3.24733930681623,-92.76432820225666,-106.2700104423965,-2200.931841445335,-2.188699911622633e-05,0.0004532962128078446,-0.001146639042360309,2.36708328191075e-10,0.6448165191083555,0.01824969261542458,-0.6445582146202612,0.0002917763666154051,8.257897937446894e-06,-0.0002916594850796764
306196.3433690677,3.206390354432637,-92.79041382743731,-106.9209101528672,-2193.67916119705,-2.21659284740935e-05,0.0004547747986121992,-0.001140232042684358,2.369447126239286e-10,0.6444799970839322,0.01806010812759913,-0.6442269003508971,0.0002925778398026498,8.198838515521971e-06,-0.0002924629402002609
306902.1988391158,3.167047884248594,-92.79692822010313,-106.8176715302377,-2186.448523782245,-2.229098570938684e-05,0.0004562736867386527,-0.001133859880092752,2.371815345349076e-10,0.6441360074692213,0.01809070075000479,-0.6438819167089277,0.0002933831164092414,8.239729036288991e-06,-0.0002932673862866565
307609.6814740708,3.124462111835957,-92.83128768477218,-107.7679607141612,-2179.087145129376,-2.264016274385257e-05,0.0004577880779392286,-0.001127443352606509,2.37435434516342e-10,0.6438921255614051,0.01781152434480194,-0.6436457247278962,0.0002942500833871032,8.139628232197683e-06,-0.0002941374815040728
308318.7950249355,3.084294777870131,-92.86409453490448,-108.6726076938552,-2172.168065686128,-2.297457980828387e-05,0.0004592201258545246,-0.00112127865851431,2.37643919718419e-10,0.643833778211623,0.01755530403817432,-0.6435943949929805,0.0002951481733342595,8.047754085824941e-06,-0.0002950384345754366
309029.5432513591,3.043185496769765,-92.87431246285055,-108.6892767127411,-2164.765294758047,-2.313511377081281e-05,0.0004607822675432678,-0.001114887248868274,2.379081472630942e-10,0.6432358360172487,0.01753839017897232,-0.642996691754117,0.0002958757209971343,8.067311472356063e-06,-0.0002957657193813746
309741.9299216581,3.00454279683465,-92.88777148051589,-108.8517948360046,-2157.880763622506,-2.331723305334734e-05,0.0004622414241540673,-0.001108785595222126,2.381182532769364e-10,0.6428054824337878,0.01748995782722116,-0.6425674981059474,0.0002966134980168584,8.07049366109563e-06,-0.000296503683514831
310455.9588128356,2.962348968083816,-92.90949064397148,-109.297766176383,-2150.519743111416,-2.35724135939051e-05,0.0004638058269614895,-0.001102461839166168,2.383837776025641e-10,0.6425069568870184,0.01735281981543629,-0.6422725817693528,0.0002974807180765154,8.034355494544641e-06,-0.0002973722023981168
311171.6337106018,2.930021980854468,-92.90061868114472,-108.6571103346164,-2144.464692861424,-2.356713612152111e-05,0.0004651227256902326,-0.001096829270987982,2.38507055791858e-10,0.6420367033779563,0.01755412582850823,-0.6417966820970881,0.0002981005216430506,8.150459372391259e-06,-0.0002979890786855751
311888.9584093937,2.888670639868112,-92.91552295947398,-108.8465799961225,-2137.203534353604,-2.376829354043061e-05,0.0004666906480844124,-0.001090601310865774,2.387669698633992e-10,0.6417778989059304,0.01749500863831921,-0.6415393956701769,0.0002989846098361892,8.150387136618009e-06,-0.0002988734985046709
312607.9367123956,2.851631102785817,-92.93165857703499,-109.1193236041679,-2130.745945014791,-2.397180926504349e-05,0.000468091568927288,-0.001084805309770848,2.389397808457838e-10,0.6413786344232666,0.01741859833726987,-0.6411420631393787,0.0002996956389231846,8.139151630032916e-06,-0.0002995850967593668
313328.5724315585,2.812775215160263,-92.92987651346472,-108.6934158071282,-2123.722547596634,-2.403651794599161e-05,0.0004696410978397627,-0.001078742798917734,2.391786188261858e-10,0.6410931074671492,0.01754601852734873,-0.6408529547998696,0.0003005491400568533,8.2257018807311e-06,-0.0003004365547290865
314050.8693876218,2.780631581496054,-92.91479795550475,-107.8258536899936,-2117.689080731978,-2.398137345673648e-05,0.0004709917980922928,-0.001073204114312541,2.393083951627624e-10,0.6407021270132383,0.01781930054554082,-0.640454282589597,0.0003012213828516632,8.377612817986321e-06,-0.0003011048606225748
314774.8314101316,2.74771350224297,-92.90355972714325,-107.1004470876525,-2111.597576849433,-2.395814413635006e-05,0.0004723599245362879,-0.001067655856317738,2.394467664993134e-10,0.640207752507889,0.01804667990580231,-0.6399533449522551,0.0003018559487700263,8.508953013729395e-06,-0.0003017359964049084
315500.4623374628,2.71714494512618,-92.90215138935811,-106.7687092146253,-2106.080296410001,-2.400929591315172e-05,0.0004735985423568224,-0.001062417111020172,2.395218881571102e-10,0.6398643445391416,0.01816852663722901,-0.6396063508536619,0.0003024804219141213,8.588732361302572e-06,-0.000302358461627537
316227.766016838,2.68353938574327,-92.92220775826151,-107.2170511023665,-2100.383545984453,-2.424021447882971e-05,0.0004748661441346455,-0.001057106489866261,2.396191505151867e-10,0.6394087276052022,0.01804784083908911,-0.6391539692270952,0.0003030750973424052,8.554545602800225e-06,-0.0003029543437197064
316956.746304349,2.653818897015085,-92.93419660271566,-107.3945446895847,-2095.249520306524,-2.439895575788523e-05,0.0004760195268340016,-0.001052097240572697,2.396538342671453e-10,0.6391447965161737,0.01802290927602835,-0.6388906366937375,0.0003036846784115727,8.563445149464056e-06,-0.0003035639163489502
317687.407064977,2.621568951379341,-92.94754313485313,-107.5991027714471,-2089.718335527272,-2.457441947594694e-05,0.0004772680593155674,-0.001046906472754548,2.397355161608411e-10,0.638883492312436,0.01798319747476772,-0.6386303479775433,0.000304355940161004,8.566965715021628e-06,-0.0003042353454313392
318419.7521726124,2.585534482247189,-92.98221321117552,-108.5630707464534,-2083.884405713633,-2.493203750710657e-05,0.0004785741947652498,-0.001041582696231895,2.398537467256034e-10,0.6387199411201888,0.01770890631748033,-0.6384743987205879,0.0003051158521294151,8.459526145154832e-06,-0.000304998556780288
319153.7855100762,2.549151780167617,-93.01409515703847,-109.4144217658688,-2077.970437545308,-2.526931259299301e-05,0.0004799082579597446,-0.001036237957214275,2.399831595935407e-10,0.6385385568885804,0.01746558963437266,-0.6382996489205321,0.0003058839291256771,8.366672809690359e-06,-0.0003057694832442535
319889.5109691397,2.515376861758507,-93.03343671347211,-109.818887549751,-2072.328935176963,-2.550009259192626e-05,0.0004811975508675629,-0.001031047853824741,2.400830173868492e-10,0.6382923202378561,0.0173605746048781,-0.6380561860244083,0.0003065883777709699,8.338734834375031e-06,-0.000306474956375879
320626.9324505466,2.474120345533555,-93.06143725220798,-110.4733833109731,-2065.576795605286,-2.581870545978923e-05,0.0004827454115367075,-0.001025324837323841,2.403138413069347e-10,0.6380027160390395,0.01715834367830685,-0.6377719474196151,0.0003074384750020413,8.268201500409895e-06,-0.0003073272730421584
321366.0538640317,2.436875519348307,-93.08775771411102,-111.0972389260385,-2059.500763711026,-2.61166470208981e-05,0.0004841457357992404,-0.001019957530999292,2.404684889059446e-10,0.6377784358902824,0.01697698627771908,-0.6375524411556912,0.0003082249137758301,8.204620660024333e-06,-0.0003081156952703692
322106.8791283435,2.398728455920716,-93.11433708455539,-111.7180968120884,-2053.300623624524,-2.642011412570263e-05,0.0004855832524768392,-0.001014548167328347,2.406398745945742e-10,0.6376375059484088,0.01679533374144828,-0.6374162735266652,0.0003090749326465163,8.141015226500644e-06,-0.0003089676971165926
322849.4121712634,2.362797742819673,-93.12231399931133,-111.6726514791698,-2047.211358073435,-2.656630252309257e-05,0.0004870201929201509,-0.001009212948538429,2.408005359849465e-10,0.6371580154072315,0.01681200070307514,-0.6369361767320503,0.00030975414697317,8.173148278398431e-06,-0.0003096463001785998
323593.6569296283,2.324434141379793,-93.14888144764552,-112.2842449902022,-2041.02153169594,-2.687269591588375e-05,0.0004884723674619022,-0.001003847444998104,2.409753087171819e-10,0.6366810163245771,0.01662244752959229,-0.6364639901724388,0.0003104483821059396,8.105176391142852e-06,-0.0003103425592274832
324339.6173493492,2.291876487666137,-93.15168161375134,-112.077813453854,-2035.455470440749,-2.697004611536658e-05,0.0004898054861336558,-0.0009988073680655294,2.410785251211113e-10,0.6363341828182101,0.01670066201902255,-0.6361149896921512,0.0003111221941382594,8.165436890263966e-06,-0.0003110150242766351
325087.2973854344,2.254248137773876,-93.16331045427022,-112.146727263395,-2029.204603706602,-2.71525393882538e-05,0.0004913033066008481,-0.0009934499004488214,2.41264982644404e-10,0.6360133028119486,0.01668176586326185,-0.635794495133016,0.0003119149854727998,8.181106800589101e-06,-0.0003118076773493787
325836.7010020087,2.218054934876108,-93.18099911800974,-112.4472025754931,-2023.304290378413,-2.73833713062623e-05,0.000492719172909515,-0.0009882830209196687,2.414120417936824e-10,0.635691602759811,0.01659591815104789,-0.6354749320941473,0.0003126562307572599,8.162475628961806e-06,-0.0003125496642502493
326587.8321723358,2.182881592824683,-93.19534803495404,-112.6337527792749,-2017.541334890551,-2.758495119543536e-05,0.0004941128026408962,-0.0009832015914500185,2.415447989148342e-10,0.6353709313186263,0.0165474682682477,-0.6351554153580129,0.0003133819612905027,8.16165456221557e-06,-0.0003132756630462845
327340.6948788381,2.143435576786632,-93.22574487720192,-113.3582471067649,-2011.344863134779,-2.793204544934564e-05,0.0004956055475917449,-0.0009779275300581842,2.417316914844077e-10,0.6350104538493679,0.01632049492480947,-0.6348006915114298,0.000314154879522145,8.074139702370197e-06,-0.0003140511050699233
328095.293113119,2.108309612924389,-93.2369032193678,-113.4253606841335,-2005.583300999526,-2.810877432177134e-05,0.0004970183744735917,-0.0009728834970716372,2.41868564313714e-10,0.634610926787158,0.0163060645194322,-0.6344014034170666,0.0003148508108024626,8.089960979607245e-06,-0.0003147468595463925
328851.630875983,2.070150012027263,-93.25167286421332,-113.5930193335881,-1999.405188220146,-2.832373169135006e-05,0.0004985395795064995,-0.0009676558942437582,2.420579310596532e-10,0.6343119796831694,0.01625452746295576,-0.6341036807230641,0.0003156653934765695,8.089066534629375e-06,-0.0003155617334869927
329609.7121774578,2.034199586130546,-93.2764180856133,-114.136019068642,-1993.757297615629,-2.861918122695586e-05,0.0004999272086817001,-0.0009627032138853583,2.421853348674393e-10,0.6342450739144355,0.01609884326719227,-0.634040725056511,0.0003165134741550147,8.033961984013004e-06,-0.0003164114959613772
330369.5410368147,1.996361708914153,-93.29964775654889,-114.603774236521,-1987.803618583298,-2.890751764403005e-05,0.0005014011847329875,-0.0009576208835736281,2.423520260703106e-10,0.6337871416171941,0.01595039180167721,-0.6335863996967314,0.0003172198852062131,7.983408188767361e-06,-0.0003171194108911256
331131.1214825911,1.956067797066192,-93.32691373844165,-115.188824386579,-1981.540542328688,-2.923743869792725e-05,0.0005029582552154489,-0.0009524081301587537,2.425588747409682e-10,0.6334141719707074,0.01575992178823318,-0.633218081010457,0.0003180214814487267,7.912664250969373e-06,-0.0003179230290609572
331894.4575526103,1.920870512711081,-93.33946409195146,-115.2947778236633,-1975.892534813102,-2.943112194758735e-05,0.0005043830713334922,-0.0009475092360770483,2.426927547252659e-10,0.6331001634669152,0.01573394047070113,-0.6329046216446038,0.0003187633094055578,7.921973842126212e-06,-0.0003186648549081433
332659.5532940045,1.879832687626486,-93.36010689324324,-115.6313603862346,-1969.458776195487,-2.970895329188201e-05,0.0005060094302863898,-0.0009422519099284672,2.429255735928146e-10,0.6326401402159857,0.01561529960840402,-0.6324473965719535,0.0003195604326187798,7.887630868047415e-06,-0.0003194630735699999
333426.4127632349,1.839780895942023,-93.37947850332256,-115.9292340892243,-1963.187883807168,-2.997487979775874e-05,0.0005076055345301897,-0.0009370914959514585,2.431410380891035e-10,0.6322589076247062,0.01551304311500394,-0.6320685657142734,0.0003203765005564543,7.860726683690226e-06,-0.0003202800510253552
334195.0400261143,1.799177952385578,-93.39990222975331,-116.2562032170097,-1956.870913086981,-3.025252680083414e-05,0.0005092226316167444,-0.0009319278909292226,2.433649070924174e-10,0.6319089107328923,0.01540033440115825,-0.6317212210809156,0.0003212208436177542,7.828515034861773e-06,-0.0003211254345685664
334965.4391578276,1.760463621241628,-93.42006697016809,-116.5888182781932,-1950.871600097638,-3.052468474863146e-05,0.0005107671683912833,-0.0009269340122783193,2.435518569226399e-10,0.6315226184395564,0.01528999077975556,-0.6313374959423117,0.0003219997429533362,7.796036051733896e-06,-0.000321905352990432
335737.6142429546,1.718563828438212,-93.43482794647286,-116.6997507358952,-1944.316078445085,-3.075915858161738e-05,0.0005124734732726851,-0.0009216945069302086,2.438109822160105e-10,0.6313313217136501,0.01524426146337328,-0.6311472492763798,0.0003229773223273559,7.798679677311422e-06,-0.0003228831543035954
336511.5693754907,1.680486733623189,-93.45463770368669,-117.0207996534212,-1938.458247870537,-3.102918293498758e-05,0.0005140007226335161,-0.0009168041761488417,2.439853108463604e-10,0.6308241577025161,0.0151356556590846,-0.6306425531700652,0.0003236810810245725,7.766229821620939e-06,-0.0003235878982403292
337287.3086588689,1.638478523827691,-93.46236967983208,-116.8823756685204,-1931.830996314854,-3.120497700747717e-05,0.0005157556173678334,-0.0009115683999619875,2.442592400561656e-10,0.6303730570658228,0.01516166003442595,-0.630190697439681,0.0003245512729646987,7.806069769757183e-06,-0.0003244573840395007
338064.8362059816,1.598423391582847,-93.47327686562373,-116.8720673776153,-1925.579780548636,-3.140441944449986e-05,0.000517418032033372,-0.0009065288890483547,2.444886005424262e-10,0.6299192162218027,0.01515292366690102,-0.6297369354499029,0.0003253613770685695,7.826679967708517e-06,-0.0003252672267054259
338844.1561392025,1.559317366789375,-93.4805465824557,-116.7440838770753,-1919.443761215292,-3.157042862826328e-05,0.0005190640952154662,-0.0009015618450235677,2.447060685044379e-10,0.6297894430936283,0.01519222921939303,-0.6296061775455574,0.0003263263357014779,7.871876143157929e-06,-0.0003262313763854428
339625.2725904084,1.515580688581781,-93.48606370020765,-116.5123962277349,-1912.595276198207,-3.173344824807078e-05,0.0005209166164440526,-0.0008962789783558359,2.450174709713249e-10,0.6290115550827751,0.01523535178598772,-0.628827019524136,0.0003270829730916694,7.922309404320196e-06,-0.0003269870154917286
340408.1897010009,1.477294011821202,-93.49027318952298,-116.2869452479407,-1906.586470687181,-3.18717087637085e-05,0.0005225536589425956,-0.00089140822818783,2.452243684564435e-10,0.6287844415756331,0.01530633989264402,-0.6285981147972619,0.0003279884056844304,7.984138420588514e-06,-0.0003278912133575637
341192.9116219284,1.434027705353927,-93.50603994795154,-116.4110951062861,-1900.017529384305,-3.212565180043774e-05,0.0005243426454153519,-0.000886293857411215,2.455062337279553e-10,0.6282685611895172,0.01524379452472524,-0.6280836024826902,0.0003288413008327593,7.978736372940733e-06,-0.0003287444918158667
341979.4425137089,1.397095418803083,-93.49483414326326,-115.6722595997096,-1894.027184736443,-3.212476676256347e-05,0.0005260135987848006,-0.0008814675718092247,2.457162753724925e-10,0.6278045613855809,0.01547832183578486,-0.6276137258295819,0.0003296361170915052,8.12707365136064e-06,-0.0003295359166540574
342767.7865464503,1.352446721163473,-93.51634119927236,-115.9779106680768,-1887.387911454611,-3.243516779898135e-05,0.0005278396830669031,-0.0008763574858257068,2.460135129456563e-10,0.6270818580027232,0.01534836226945314,-0.6268939977474606,0.0003304017023819142,8.086862915717832e-06,-0.0003303027211287388
343557.9478998746,1.311778894652425,-93.50726034754081,-115.2808215055369,-1880.913278812887,-3.246318842686733e-05,0.0005296669592328233,-0.0008713425134833407,2.46292597591141e-10,0.62669852525915,0.015561654116105,-0.6265052884718246,0.0003313339701783492,8.227408288058736e-06,-0.0003312318063637741
344349.9307633384,1.273280664212102,-93.50002793325373,-114.6694964719399,-1874.814694780802,-3.250196180213078e-05,0.0005313981265344632,-0.0008665197794413368,2.465254628073536e-10,0.6261501345908057,0.01575060029711927,-0.6259520026634346,0.0003321177961066268,8.354313716556449e-06,-0.0003320127044753684
345143.7393358563,1.232313288788182,-93.50418751641109,-114.4220022274992,-1868.542032660247,-3.264963333030421e-05,0.0005331772826988377,-0.0008616343481852084,2.467841481530738e-10,0.6256616785909834,0.01581663849277253,-0.6254617254509471,0.0003329655757607555,8.417322528376484e-06,-0.0003328591643971136
345939.3778261219,1.190800986840558,-93.49318994074552,-113.6616680631706,-1861.983768049698,-3.266231372072994e-05,0.0005350677938418566,-0.0008566354096610902,2.470837823987327e-10,0.6249260760331171,0.01604182149882806,-0.624720145720585,0.0003337436671328297,8.567183447511357e-06,-0.0003336336894245629
346736.8504525317,1.154785859885824,-93.46778133642704,-112.472942087327,-1856.043839304128,-3.252967505782002e-05,0.0005368091370700882,-0.0008519387288515257,2.473044332441203e-10,0.6246689639215082,0.01643624157698969,-0.6244526919227695,0.0003346772450944842,8.806001848021265e-06,-0.0003345613736154939
347536.1614432058,1.108055610546411,-93.47967183371418,-112.4379330114508,-1849.110205412245,-3.276305942066286e-05,0.0005388084422461387,-0.0008468040513853761,2.476608368768742e-10,0.6238074234168913,0.0164083647241161,-0.6235915867593959,0.0003354588232311758,8.823765981094086e-06,-0.000335342754860689
348337.3150360119,1.068151521938863,-93.45767758635186,-111.337846148122,-1842.694293645921,-3.267033827396987e-05,0.000540709632812864,-0.0008419250329545014,2.479515575301673e-10,0.6232544735275281,0.01675736103179841,-0.6230291563188083,0.0003363303976913634,9.042871153709548e-06,-0.00033620880846957
349140.3154785861,1.029535433279138,-93.44184521692588,-110.4591795358213,-1836.581784608087,-3.262970399962193e-05,0.0005425272960987843,-0.0008372022835925959,2.482046188336867e-10,0.6226938813518734,0.01703883626012804,-0.6224607199911988,0.0003371459591608616,9.225359307263815e-06,-0.0003370197183016882
349945.1670283573,0.9901947303911314,-93.42854033388733,-109.6621851105484,-1830.423005241694,-3.261353975366639e-05,0.0005443679002684153,-0.0008324757610089556,2.484669713002897e-10,0.6221300782264632,0.01729253336815966,-0.6218897028603837,0.0003379728210202116,9.394186986882226e-06,-0.0003378422368491179
350751.873952568,0.9503001439398283,-93.40784838881683,-108.6218687591967,-1824.093460834403,-3.253013063391254e-05,0.0005462804060290559,-0.0008276890660109684,2.487557024139411e-10,0.6213832720792516,0.0176209383073077,-0.6211333780703524,0.0003387397825454423,9.605847274406165e-06,-0.0003386035557655506
351560.4405282981,0.9096580605463052,-93.39852112234728,-107.9531339162832,-1817.850511553339,-3.255292664786207e-05,0.0005481670815158102,-0.0008229591881301452,2.490359041108091e-10,0.6210788776419355,0.01783843546737698,-0.6208226497745089,0.0003397338467845224,9.757730491429363e-06,-0.0003395936886142998
352370.8710424871,0.8632649195877835,-93.38949724661367,-107.2487882232452,-1810.809230855517,-3.25931417964837e-05,0.0005503088939783788,-0.0008178861074255455,2.494292793380735e-10,0.6204748338509015,0.01804399250348165,-0.6202124102086624,0.0003407202950873531,9.908467056083042e-06,-0.0003405761908369572
353183.169791957,0.8212311748785117,-93.37031042895117,-106.2549626106247,-1804.266304648054,-3.252702590048621e-05,0.0005523263608658357,-0.0008130565825320501,2.497580489096366e-10,0.6195756905596975,0.01835055961349672,-0.6193038779907628,0.0003414609680729008,1.011337266096357e-05,-0.0003413111665485076
353997.3410834346,0.7773383894781969,-93.34977696031211,-105.2078769530954,-1797.462259114812,-3.245214304796945e-05,0.000554440447288239,-0.0008081275488784584,2.5012687157646e-10,0.6190742455497923,0.01868297625450118,-0.6187922655474277,0.0003424771578706456,1.033558196646333e-05,-0.0003423211641259851
354813.3892335755,0.7285768191699017,-93.32900011719256,-104.1192499366778,-1789.990656498435,-3.238639189263612e-05,0.000556778299121169,-0.000802917448198357,2.505932494161907e-10,0.6182302177929937,0.01900720270222054,-0.6179379648781981,0.0003434388743317829,1.055886967730263e-05,-0.0003432765221704215
355631.3185689853,0.6836652493785261,-93.28981456794745,-102.4784087804188,-1782.813658747465,-3.213570870446418e-05,0.0005590639149619162,-0.0007978588824605052,2.51023383428985e-10,0.6173522657411668,0.01952794307766739,-0.617043336772149,0.0003443391192666604,1.089205481797436e-05,-0.0003441668086832047
356451.1334262443,0.6312012819103875,-93.27066184716446,-101.4287470070456,-1774.908477942311,-3.209173430744406e-05,0.0005615754209228075,-0.0007924942055449575,2.515614954490099e-10,0.6165175709483179,0.0198333560230376,-0.616198469064049,0.0003454054278447164,1.111168463892518e-05,-0.0003452266502590388
357272.8381519289,0.5824874470314635,-93.21298913840036,-99.19111494574405,-1766.975699628211,-3.166979080558884e-05,0.0005641609210300086,-0.0007871376911096188,2.521096994912928e-10,0.6155918739569443,0.02054881001968116,-0.6152488128298969,0.0003464485603941068,1.156465176086528e-05,-0.0003462554892399527
358096.437102636,0.5308911073793953,-93.15541433810964,-96.95237717450655,-1758.673914718336,-3.125143408002844e-05,0.0005668874092190652,-0.0007816376199631762,2.527172049429826e-10,0.6144483054081152,0.0212536919433693,-0.6140806140871741,0.0003474503600188053,1.201826557654449e-05,-0.000347242442638755
358921.9346450052,0.4824671545175694,-93.06746858896932,-93.80042622685473,-1750.37906014472,-3.052777830186926e-05,0.000569668881494208,-0.0007761617577987024,2.533308162425881e-10,0.6135048976973491,0.0222882186767416,-0.6130999060567963,0.0003485835279290722,1.266380419578318e-05,-0.0003483534182504445
359749.3351557424,0.4372000090292771,-92.95868867174437,-90.04662319526227,-1742.226151963552,-2.958692165347747e-05,0.0005724491028276256,-0.0007707697470766121,2.539309299446627e-10,0.6119800006126348,0.02351991288762103,-0.6115278692321383,0.0003493726982761245,1.342726138197579e-05,-0.0003491145814091987
360578.6430216423,0.3885158203676807,-92.8395384742919,-85.97979197659161,-1733.46668969108,-2.854291148741652e-05,0.000575462968132187,-0.0007651307077910347,2.546271042047727e-10,0.6106774044805763,0.02486482382786729,-0.6101709865923998,0.0003504210925469382,1.426802214691331e-05,-0.0003501304980229586
361409.8626396133,0.3497947580367177,-92.68377119814915,-80.8839026947733,-1725.525808137316,-2.710603338040861e-05,0.0005782629002290838,-0.0007598740106092225,2.55210578733355e-10,0.6091276779865158,0.02658223333183079,-0.6085473793882745,0.0003511798336278539,1.53254311309357e-05,-0.0003508452745977036
362242.9984166985,0.3110585367947658,-92.52540225721994,-75.75291558970223,-1717.552623153451,-2.562921189421562e-05,0.0005810934110666708,-0.0007546232534241355,2.5580561881174e-10,0.6079100120970252,0.02833367642048643,-0.6072493603029192,0.0003521424323497541,1.641277415008015e-05,-0.0003517597383241857
363078.0547701014,0.2716802476935871,-92.31115042076189,-68.95871355637091,-1708.629641992311,-2.358231580421725e-05,0.0005843125796853955,-0.0007489762872300295,2.565501041119261e-10,0.6058415048899897,0.030625904271259,-0.6050669244264927,0.0003528259857476373,1.783571243749939e-05,-0.0003523748906784347
363915.036127207,0.2371398461388352,-92.08816760681253,-61.9928949815268,-1700.22676985987,-2.141663481061953e-05,0.0005873759539085699,-0.0007435787695943847,2.572250627459588e-10,0.6039300380699165,0.03300207985626701,-0.6030276557574216,0.0003534971510414916,1.931704083624933e-05,-0.0003529689614226466
364753.9469256079,0.2130160558032587,-91.78471894673622,-52.72012356522273,-1691.954673493527,-1.839829245235603e-05,0.0005904591035442682,-0.0007382591800407557,2.578881622250867e-10,0.6016835316935627,0.03618615971789219,-0.6005944007032613,0.0003539606678837373,2.128773115302092e-05,-0.0003533199497779004
365594.7916131248,0.2112310903798012,-91.39431434673145,-41.02008492834383,-1685.282645032439,-1.443423724232553e-05,0.0005930209447704878,-0.0007336566866295247,2.583136661138562e-10,0.5992898853994266,0.04024259487802782,-0.5979372043112393,0.0003540084146523592,2.377182989626578e-05,-0.000353209368148779
366437.5746478333,0.2396920256285734,-90.99276049044758,-29.1548790041304,-1682.464564870401,-1.029648519809207e-05,0.0005941877339311976,-0.000730745345461429,2.581512340827913e-10,0.5972089451230461,0.04440286159098533,-0.5955559671580105,0.0003534148571476964,2.627661744566432e-05,-0.0003524366618675487
367282.3004980846,0.2700684242591833,-90.65109303857587,-19.10134659679539,-1680.834179627923,-6.760178444474253e-06,0.0005948658610153989,-0.0007283581807313083,2.578073298338647e-10,0.5954750219097925,0.04793908416248208,-0.5935422023143176,0.0003527539164652796,2.839867176265201e-05,-0.0003516089319452943
368128.9736425315,0.28935605786589,-90.3812656890546,-11.17174666382071,-1678.841039546975,-3.963534966417068e-06,0.0005956226330166994,-0.0007258212997081167,2.575197574163047e-10,0.5941402992831381,0.05074481783723511,-0.5919693055344363,0.0003523891875676256,3.009714229535671e-05,-0.0003511015544542978
368977.5985701503,0.2911682573579495,-90.07917924336311,-2.313264731321589,-1673.926347340965,-8.255660344187339e-07,0.00059739670854438,-0.0007220320517653995,2.576818243089985e-10,0.5921395343946991,0.05380838845082916,-0.5896896518724877,0.0003522342347134336,3.200792283953037e-05,-0.0003507769219598931
369828.1797802662,0.2957412160235261,-89.66683747569283,9.696508054665019,-1667.542671885314,3.486958397247282e-06,0.000599664527654491,-0.0007176242199956222,2.580733595716912e-10,0.5898675143315489,0.05795234778635922,-0.5870138072053578,0.0003522134348502192,3.460369485612198e-05,-0.000350509469189199
370680.721782576,0.3277662032852957,-89.04550256483536,27.67942240596933,-1661.363677983171,1.002552367466356e-05,0.0006017481377159942,-0.0007133207261300375,2.584374339811964e-10,0.5865836555636531,0.06408028782420939,-0.5830729814412471,0.0003515055191774438,3.839959505698246e-05,-0.0003494017760568255
371535.2290971726,0.4155623407395694,-88.19774493080128,52.19803614398554,-1658.888788432812,1.894915476199357e-05,0.000602216916710024,-0.0007106199629046609,2.582277193840916e-10,0.5828402952796445,0.07235926876998028,-0.5783311733122615,0.0003496519630117876,4.340907890622426e-05,-0.0003469468937842068
372391.7062545685,0.6016305277679284,-87.10164395947963,84.33063816890903,-1665.657178779288,3.031812520083236e-05,0.0005988286580583925,-0.0007118782965536906,2.565869182901945e-10,0.5789805080170558,0.08297894882797512,-0.5730034229523349,0.0003456466369890121,4.953775508177906e-05,-0.0003420783659971375
373250.1577957206,0.9034601769168689,-85.93663584464821,119.8958037999661,-1687.76477316327,4.187878012637182e-05,0.0005895246338918194,-0.0007196677638708976,2.52643549059862e-10,0.5766507273783023,0.09435284194933773,-0.5688792513372309,0.0003393197142955281,5.552022715514059e-05,-0.0003347467294630978
374110.5882720533,1.306336795894729,-85.14799817515581,147.0525099207887,-1732.344369014666,4.865033189729231e-05,0.0005731226794997699,-0.000736977722922927,2.455759896613716e-10,0.5781620043488597,0.1025635231604407,-0.5689921150504712,0.0003310920350342784,5.873434322568454e-05,-0.0003258407779713695
374973.0022454836,1.684890595284566,-85.24908580885797,148.8829726637023,-1791.403984836862,4.607533555262037e-05,0.000554392072074625,-0.0007603502053586564,2.369335686303595e-10,0.5839921880257716,0.1027070039193536,-0.5748896824792022,0.0003234465419531567,5.688470827732758e-05,-0.0003184050807786498
375837.4042884441,1.893171489749745,-86.3314579527796,118.1796738837999,-1843.222961507747,3.464219411306884e-05,0.0005403068525049471,-0.000780545103273693,2.29742985150893e-10,0.5922281812620037,0.09324997950879867,-0.5848407133592097,0.0003192238289430459,5.026376057320716e-05,-0.0003152418235864307
376703.798983909,1.906346068421539,-87.7843480728196,72.3738092228739,-1870.621715514803,2.065189372363824e-05,0.0005337826111511602,-0.000790325697490349,2.258573145192927e-10,0.6000093792076469,0.07954956449647803,-0.5947126381081593,0.0003190901140057112,4.230513802601963e-05,-0.0003162732618366232
377572.190925416,1.79192630048128,-89.14557031584103,27.9710764370804,-1875.526864081255,7.949979653999793e-06,0.0005330649481265496,-0.0007905756263154915,2.247485210217519e-10,0.6059642891798968,0.06617860863859516,-0.6023396977785519,0.0003216122983430922,3.512394179896619e-05,-0.0003196885658856585
378442.5847170933,1.626858337972567,-90.22617242267631,-7.371717259357021,-1867.451778113135,-2.113796185870134e-06,0.0005354807173133829,-0.0007853613559230887,2.252012182194202e-10,0.6096188171343606,0.05526937858005009,-0.6071082259331297,0.0003249779201078898,2.946321076673973e-05,-0.000323639564591483
379314.9849736819,1.456465911514117,-91.02268623774553,-33.09531972678036,-1853.961353750471,-9.625578841852675e-06,0.000539213741628631,-0.0007778946929059559,2.263181866405231e-10,0.6118954411221362,0.04713172015010184,-0.6100775621359518,0.0003285085348747434,2.530362426665945e-05,-0.000327532569501908
380189.3963205612,1.297780711179204,-91.59616338309186,-51.24151109483228,-1838.886172143998,-1.514171756795497e-05,0.000543385518172791,-0.0007697948099354274,2.276487576598962e-10,0.6132875628462295,0.04124961779019903,-0.6118987692208823,0.0003318723397200169,2.232167746082631e-05,-0.0003311208126750312
381065.823393773,1.155820896560955,-92.03071327657042,-64.68695501946632,-1824.3528037177,-1.941124472627265e-05,0.0005474513173385434,-0.0007619543628167179,2.289345306905207e-10,0.6138633346661109,0.03677562385584286,-0.6127607584836118,0.0003347428238105911,2.005393624559247e-05,-0.0003341415833651151
381944.2708400466,1.029934992760944,-92.35547578606548,-74.48058635107841,-1810.682532150998,-2.267901852823563e-05,0.0005513450512035414,-0.0007545055584369972,2.301324281193818e-10,0.6143062119262431,0.03345990279056774,-0.6133942915583875,0.0003374330693318789,1.837923413270508e-05,-0.0003369321593903256
382824.7433168226,0.9156654373309825,-92.58919842864334,-81.28318167082283,-1797.472362878576,-2.510666684788161e-05,0.0005552014433419524,-0.0007472782692795793,2.312905612859975e-10,0.6142553706155625,0.03108927303708281,-0.6134681062875948,0.000339817830034442,1.719918100223136e-05,-0.0003393823003372
383707.2454922788,0.8182996511454701,-92.78526639607686,-86.90238859608674,-1786.262657410998,-2.717154759474191e-05,0.000558506176834116,-0.0007409099904347408,2.322067352289606e-10,0.6140321934703011,0.02911391127738396,-0.6133415971447574,0.0003417640004887066,1.620450343457972e-05,-0.0003413796216801514
384591.7820453536,0.7287140489308066,-92.94049629971754,-91.20878361743667,-1775.649041979171,-2.885213921476009e-05,0.0005616923208911688,-0.0007348137308717818,2.330574553427268e-10,0.6138612560276329,0.02757939330469058,-0.6132414032962616,0.0003436572625889489,1.543974100643893e-05,-0.000343310251125398
385478.3576657719,0.6471357005413025,-93.06965320094294,-94.6978293900393,-1765.865171374115,-3.028152710142225e-05,0.0005646707468254539,-0.0007290841762423605,2.338097355569382e-10,0.6135898486068094,0.02632056150455154,-0.6130250650303072,0.0003453602944968613,1.481458158601255e-05,-0.0003450424049119037
386366.9770540691,0.5722030531323989,-93.18416835640443,-97.73736104212851,-1756.870664304816,-3.156741497236408e-05,0.0005674377200442088,-0.0007237022499418304,2.344662516087353e-10,0.6132766879985194,0.02521791235485762,-0.6127579888821492,0.000346905931846119,1.426475774454476e-05,-0.0003466125246388445
387257.6449216173,0.5026925917371999,-93.26780921972095,-99.81686614375998,-1748.230162133016,-3.25531664102033e-05,0.0005701484086796337,-0.000718486711920515,2.350831615829575e-10,0.6129929459706474,0.02444781656740073,-0.6125052294265411,0.0003484230280244116,1.38960526919457e-05,-0.0003481458116612672
388150.3659906482,0.4355755603512743,-93.35490340037013,-102.0027501031004,-1740.034093577397,-3.357426382177912e-05,0.0005727332219730232,-0.0007134735695391322,2.356472488916508e-10,0.612536027156962,0.02363510858771511,-0.6120798691406877,0.000349764944186592,1.349591219049696e-05,-0.0003495044728411873
389045.1449942807,0.3710572446574201,-93.42965984310574,-103.8033986478358,-1732.064332484023,-3.447676373305945e-05,0.0005752795528796107,-0.0007085722667790878,2.361870669916355e-10,0.6122668853647609,0.02296260505210039,-0.6118361363007963,0.0003511851426176336,1.317093235458918e-05,-0.0003509380727938741
389941.9866765434,0.3067024360827327,-93.50578648790648,-105.6308179172035,-1724.190911094907,-3.539916058234766e-05,0.0005778134841700635,-0.0007037290564006355,2.367199062851255e-10,0.6118084377680036,0.022269448010073,-0.6114030063791409,0.0003524885815817942,1.283036593989693e-05,-0.0003522549955009773
390840.8957924021,0.2516612897208617,-93.57016366356179,-107.1549863517935,-1717.450812278458,-3.618732271419374e-05,0.0005800005105281273,-0.0006993658781206313,2.371023311497153e-10,0.6115116963109515,0.02170861462747853,-0.6111262478212279,0.0003536679590902483,1.255518328806092e-05,-0.0003534450348493592
391741.8771077831,0.1915365298983595,-93.62694357422805,-108.3883386913,-1709.951350931613,-3.692101237357386e-05,0.0005824716546838533,-0.0006947105373484297,2.375944966705115e-10,0.6112047623470485,0.02122924897181487,-0.6108359685740556,0.0003550108319917744,1.233075035460073e-05,-0.0003547966226265188
392644.9353996,0.1320997208693068,-93.68148487238857,-109.5468843811564,-1702.555950066159,-3.763595926707882e-05,0.0005849306143994252,-0.0006901150910498243,2.380777112782336e-10,0.6108659012571798,0.0207734196084753,-0.6105125832908906,0.0003563256728686984,1.21173938577027e-05,-0.0003561195781074497
393550.0754557774,0.07554816964068846,-93.73879134299425,-110.8043214595357,-1695.629893067391,-3.837461054482135e-05,0.000587243673509436,-0.0006857269149892003,2.385003755850194e-10,0.6101137815969062,0.0202751997974593,-0.6097767974986015,0.0003573095136879522,1.187405037892195e-05,-0.0003571121609515976
394457.3020752785,0.02229814298615746,-93.76692344230207,-111.1869153902428,-1688.741407589759,-3.881939962523484e-05,0.0005896010995072654,-0.0006813704327638048,2.389224608955315e-10,0.6096028987551217,0.02009650984159796,-0.609271552317055,0.0003584470426980205,1.181676553045087e-05,-0.0003582522106998851
395366.6200681279,-0.02781397740728322,-93.79239554872227,-111.5114045006963,-1682.261142277329,-3.923091030667724e-05,0.0005918375459496452,-0.0006771946916477657,2.392911947914854e-10,0.608969685867515,0.01994265617693387,-0.6086430553043289,0.0003594354436548541,1.177086090976933e-05,-0.0003592426547457925
396278.0342554395,-0.07850637080625124,-93.82277186060583,-111.9761710308379,-1675.80995662739,-3.969550756432778e-05,0.0005940739551753236,-0.0006730462332614207,2.39659895293806e-10,0.6084830109539529,0.01974210040625533,-0.6081626625263488,0.0003605099256209713,1.169666699141327e-05,-0.0003603201277371697
397191.5494694403,-0.1294524008900373,-93.8358399705525,-111.9100553739634,-1669.097634365568,-3.99905748048758e-05,0.0005964448286678887,-0.000668808637462484,2.400702750462808e-10,0.6080762647602606,0.01972831338067775,-0.607756149632354,0.000361704065947301,1.173505952725691e-05,-0.0003615136507805774
398107.1705534973,-0.1727508678643026,-93.84634786326542,-111.8324744919953,-1663.370210513369,-4.023753983227703e-05,0.0005984838071891666,-0.0006649807156875474,2.403428530422141e-10,0.6073362103953004,0.01973114925236188,-0.6070156128193949,0.0003624950820794379,1.177674646321715e-05,-0.0003623037300035972
399024.902362142,-0.2185359685588422,-93.85706726094003,-111.7390527251843,-1657.347844933226,-4.04956181359532e-05,0.000600643408101258,-0.0006610492237009036,2.406614138171269e-10,0.6068663620361576,0.01974078299191253,-0.6065452026501132,0.000363517962477487,1.182489203529576e-05,-0.0003633255853530511
399944.7497610975,-0.2646117487371402,-93.8755528676042,-111.875332766443,-1651.430314936196,-4.083431540293991e-05,0.0006027693923097598,-0.0006571740170383573,2.409682807392661e-10,0.6062687648279841,0.01966439585293194,-0.6059497724579065,0.0003644449939722228,1.182081453614479e-05,-0.0003642532387983881
400866.7176273028,-0.3061200372718159,-93.8644772038347,-111.1661424996966,-1645.679095439012,-4.086062761876678e-05,0.0006048917339999088,-0.0006533791688479119,2.412542535809721e-10,0.6056510746416121,0.01990009810592013,-0.6053240539660673,0.000365342386137106,1.200418794052585e-05,-0.0003651451198910411
401790.81084894,-0.3447423289517277,-93.852054445912,-110.4452651970053,-1640.296235227572,-4.086373218981535e-05,0.000606894518735053,-0.0006497442124669314,2.414892726984311e-10,0.6050399663042083,0.0201500246036043,-0.6047043387754645,0.0003661683434491141,1.219473347294704e-05,-0.000365965222691709
402717.0343254591,-0.3825579607859492,-93.84664179523212,-109.9428421783879,-1635.138928013484,-4.093536510100688e-05,0.0006088164330015728,-0.000646211659437811,2.416937798325469e-10,0.6043582953958481,0.02032343261357882,-0.6040164793286492,0.0003669032112848938,1.233826481254822e-05,-0.0003666956962831482
403645.392967605,-0.41856794991763,-93.82399698106506,-108.9480579511567,-1629.967977939987,-4.082492413831287e-05,0.0006107802222331647,-0.0006426865394484269,2.419028913043769e-10,0.6036376062546629,0.02067682821151379,-0.6032833732666357,0.0003676294228502128,1.259267206517436e-05,-0.0003674136866740807
404575.8916974427,-0.4521591254098695,-93.81949953505146,-108.5139371873881,-1625.390431416001,-4.089203428525306e-05,0.0006125067707534093,-0.0006394076536018175,2.420262283051565e-10,0.6032122511581512,0.02084898814534629,-0.6028518388796701,0.000368398275536889,1.273304921225956e-05,-0.0003681781618677454
405508.5354483839,-0.4802089400461165,-93.78503550341036,-107.2462538959675,-1621.072333776337,-4.063316567221186e-05,0.0006141874267129971,-0.0006362422796963769,2.421127929964773e-10,0.6023842951968771,0.02132201911689316,-0.6020068193971039,0.0003688786381339405,1.305684334206422e-05,-0.0003686474854294973
406443.3291652128,-0.5106851795083514,-93.78020686725914,-106.8336671894769,-1616.904627349855,-4.068623316584261e-05,0.0006157774080581775,-0.0006331469739691175,2.421785796142268e-10,0.601993910887114,0.02149865287559651,-0.6016099040654975,0.0003695830881839328,1.319870247499446e-05,-0.0003693473342594328
407380.2778041128,-0.5375425374330022,-93.77088402736631,-106.3208344386878,-1613.132887763897,-4.068136975419972e-05,0.0006172304404516949,-0.0006302172366703997,2.421865307851811e-10,0.6016347060781119,0.0217236368553291,-0.6012423830365536,0.0003702213535965612,1.336783626404673e-05,-0.0003699799340673594
408319.3863326921,-0.5676420618296738,-93.7921267773207,-106.6757485863612,-1609.424828642967,-4.100345968617941e-05,0.0006186221981444369,-0.0006273224480325057,2.421862232689102e-10,0.6010934398106912,0.02162154857687134,-0.6007044464797868,0.0003707225468210385,1.333502418052837e-05,-0.0003704826363698868
409260.659730011,-0.5959213645722676,-93.80701434261999,-106.8584270286454,-1605.857893237951,-4.12549213566845e-05,0.0006199748858158213,-0.000624492522150952,2.421659177941866e-10,0.6007799126285971,0.02159468027971658,-0.6003916831549564,0.0003713368783721005,1.334748548670403e-05,-0.0003710969170854406
410204.1029866068,-0.6277823132276501,-93.82767770618136,-107.1781659237644,-1601.942168904012,-4.157889660639709e-05,0.0006214604181383813,-0.0006215369687239567,2.4219953104283e-10,0.6005484569829744,0.02151059256652237,-0.6001630974927303,0.0003720832228147925,1.332736853078697e-05,-0.0003718444647272393
411149.7211045223,-0.6647820455577722,-93.87524231568231,-108.2339261529302,-1597.80668303999,-4.220138545336232e-05,0.0006229992582515538,-0.0006185066379904753,2.422679131091946e-10,0.6002117106267733,0.02114149079344715,-0.5998392575853534,0.000372807212343805,1.313153360381249e-05,-0.0003725758720056505
412097.5190973302,-0.7032293207860756,-93.92605518572903,-109.3658524324263,-1593.556654960106,-4.286530964987923e-05,0.0006245852607576595,-0.0006154427216388691,2.423553567342287e-10,0.6000670275627265,0.02074575182036766,-0.5997083052196073,0.0003736796951184228,1.291900047687104e-05,-0.0003734563079805669
413047.5019901614,-0.7429436881627004,-93.96316606142982,-110.0845721424487,-1588.961648493526,-4.339303978714613e-05,0.0006263355045256313,-0.0006122567005555093,2.424971933856538e-10,0.5996726380620018,0.02048536598864508,-0.5993226364993665,0.0003744881236040628,1.279285694145179e-05,-0.0003742695519699236
413999.6748197305,-0.7859476077997779,-93.98906645912471,-110.4473498863558,-1583.813903912572,-4.381674896676633e-05,0.0006283317463861073,-0.0006088695887384903,2.427258219523798e-10,0.5992512338399555,0.02034189055277737,-0.5989058763674371,0.0003754202597069932,1.274383330897654e-05,-0.0003752038993814687
414954.0426343631,-0.8235039792878313,-94.01086513717155,-110.7355945426499,-1579.288954984185,-4.418085251484342e-05,0.0006300985034365244,-0.0006057336907972855,2.428614220019701e-10,0.5986297229771833,0.02023499589663449,-0.5982876316395003,0.000376086141951284,1.271253539052117e-05,-0.0003758712247721899
415910.6104940221,-0.8626956785568913,-94.02808035126495,-110.8761044176241,-1574.51257112061,-4.450383139333577e-05,0.0006319832605942556,-0.0006025127811875728,2.430378973316312e-10,0.5982959463255999,0.02018611794190697,-0.5979553160831339,0.0003769993907585152,1.271971540608922e-05,-0.0003767847521759336
416869.3834703355,-0.903858669672623,-94.05821231194513,-111.367453824267,-1569.708664733179,-4.497173049553771e-05,0.0006338702430809164,-0.0005992929754800327,2.432210035474376e-10,0.5978600106960583,0.01999945621596607,-0.5975254087823852,0.0003778541659569128,1.263987842116679e-05,-0.0003776426938317387
417830.3666466218,-0.9448871854625702,-94.06903029292869,-111.3054898426991,-1564.650362477129,-4.523657796804553e-05,0.0006359023999171593,-0.0005959878919221061,2.434461028140425e-10,0.5972823828654377,0.02000989262729533,-0.5969471074378863,0.0003786949191753913,1.268687121633895e-05,-0.0003784823445129194
418793.5651179184,-0.9819098343660254,-94.06373000194752,-110.8189607345165,-1559.849779807268,-4.531708877079056e-05,0.000637867838428547,-0.0005927927829245182,2.43633697145624e-10,0.5968961816516373,0.02019483677084424,-0.5965544570599597,0.0003796077308190959,1.284329904679529e-05,-0.0003793904044216429
419758.9839910076,-1.015982105121706,-94.05358146838826,-110.221997757463,-1555.344371652727,-4.533561924504361e-05,0.0006397316476092932,-0.0005897211361746399,2.43777472361056e-10,0.5961628676329566,0.02041840146923095,-0.5958131029322797,0.0003802348171314712,1.302292975675562e-05,-0.000380011735949765
420726.6283844442,-1.051540885633547,-94.03795366198067,-109.4601746902461,-1550.592163909859,-4.530040885588869e-05,0.0006417170372021435,-0.0005865671221083493,2.439622031898115e-10,0.5955857856463929,0.02070401164709363,-0.5952258159436199,0.0003810286468809977,1.324548324191236e-05,-0.0003807983546677326
421696.5034285822,-1.080086429771949,-94.004172600826,-108.2490112477638,-1546.414578088221,-4.504527286376853e-05,0.0006435039528541876,-0.0005836413680716957,2.44058645412399e-10,0.5947420486348592,0.0211682564637109,-0.5943652154464255,0.0003815228356903476,1.357928744267057e-05,-0.0003812810998538392
422668.6142656029,-1.105757060192772,-93.97045452780128,-107.0688770915337,-1542.587089328071,-4.477923269010125e-05,0.0006451535506318463,-0.000580857797645756,2.441014950911841e-10,0.5941887289337766,0.02164133345127562,-0.5937944916201124,0.0003821195423080089,1.391742392720159e-05,-0.0003818660104341741
423642.9660495411,-1.126558862625573,-93.9356527764612,-105.9030673524955,-1539.3259634013,-4.448325841281515e-05,0.0006465746113247223,-0.000578296716193705,2.440560269908036e-10,0.593707990241681,0.02212772570406465,-0.5932954925094085,0.0003826254891293986,1.426059950345689e-05,-0.0003823596477575968
424619.5639463128,-1.144734344399324,-93.9087263363533,-104.9829970362543,-1536.497534804463,-4.42621453616188e-05,0.0006478065891927078,-0.0005759065254552439,2.439429457365048e-10,0.5931862315703335,0.02253057100516587,-0.5927581958056711,0.0003829954136319842,1.454704256814017e-05,-0.0003827190489323145
425598.4131337431,-1.165003486065769,-93.91401430636476,-104.9484098811933,-1533.909693401962,-4.439642772331439e-05,0.0006488913068268895,-0.0005736142392165804,2.43792499322166e-10,0.5927687364482251,0.0226039832381697,-0.5923376020920789,0.0003833591845961429,1.46185924627732e-05,-0.0003830803586307016
426579.5188015926,-1.18358770813988,-93.92734841002216,-105.151597834059,-1531.645158824695,-4.461259084202434e-05,0.0006498299616297503,-0.0005714500751807102,2.435914098947812e-10,0.592426120187489,0.02259732541916354,-0.5919949904891946,0.0003836879567215484,1.463527910401184e-05,-0.0003834087332582612
427562.8861515862,-1.206792715529876,-93.95580484283184,-105.7377109115904,-1529.068174893902,-4.500951941610504e-05,0.0006508805904071395,-0.0005691765264036223,2.434407528270372e-10,0.5923788440976269,0.02244601742889031,-0.5919534367127388,0.000384280717923843,1.456090435715075e-05,-0.0003840047528773128
428548.5203974394,-1.234427825522292,-94.00957677196197,-106.9896732518372,-1526.357272209519,-4.569838753077607e-05,0.0006519513894734798,-0.0005668606779253697,2.433122256967102e-10,0.5921506236896672,0.02202679482154503,-0.5917408059665579,0.0003847796516522383,1.431301783596739e-05,-0.000384513351973693
429536.4267648873,-1.267698753526156,-94.0691226958069,-108.350863564196,-1523.081704670976,-4.647224399811174e-05,0.0006532575955575383,-0.0005643432475725753,2.432746913642801e-10,0.5918438885624993,0.02154573430701858,-0.5914515785437988,0.0003853689574663983,1.402913391217176e-05,-0.0003851135115526499
430526.6104917105,-1.304722710284309,-94.13028574119751,-109.7195463536295,-1519.40428490764,-4.72801145672877e-05,0.0006547384768883953,-0.000561685843813163,2.433026195290335e-10,0.5918226939880192,0.0210589489084194,-0.5914479028537588,0.0003862480295562489,1.374394325028599e-05,-0.0003860034253216127
431519.0768277653,-1.344844192320869,-94.19696955424331,-111.2081250445802,-1515.463893967074,-4.816293565734604e-05,0.0006563296520547217,-0.0005589406882663055,2.433742005371783e-10,0.5916098310244843,0.02050887798853158,-0.5912542414972347,0.0003870699228267926,1.341825203705326e-05,-0.0003868372728543738
432513.8310350086,-1.388402192890156,-94.25164648297377,-112.3276341635775,-1510.96337240716,-4.893111752122425e-05,0.0006581917877648405,-0.0005559990740040288,2.43537697091186e-10,0.5913777569142894,0.02008271750392595,-0.5910366620021417,0.0003880328073874233,1.317728501267654e-05,-0.0003878089977922893
433510.8783875289,-1.430263932987935,-94.30829657467979,-113.509259701058,-1506.706740060976,-4.971826370243821e-05,0.0006599535863583332,-0.0005531575732598232,2.436640175468217e-10,0.5910276598426165,0.01963293623799649,-0.5907014834192601,0.0003888594469485943,1.291725116472094e-05,-0.000388644843145402
434510.2241715714,-1.472584579214775,-94.35115748491721,-114.3006566849669,-1502.20963740134,-5.035940234678249e-05,0.0006618542861710262,-0.0005502381211133525,2.43831375035374e-10,0.5906463608050713,0.01932505172037735,-0.5903301329834681,0.0003897393307160613,1.275167887818208e-05,-0.000389530667076151
435511.8736855686,-1.510538359814673,-94.37165913405454,-114.5115165474651,-1497.895746826979,-5.074055538126408e-05,0.0006637241771724377,-0.0005473961256816582,2.439711897139578e-10,0.5904745339299879,0.01925492916308227,-0.5901605060682739,0.0003907267904902728,1.274130591701476e-05,-0.0003905189930468921
436515.8322401659,-1.552049552540551,-94.4070369468177,-115.0964544365102,-1493.414053651827,-5.130143764997351e-05,0.0006656528937759378,-0.000544503111151355,2.441405382624864e-10,0.5897963989965604,0.01901566530832267,-0.5894897766222853,0.0003914200446917678,1.261979994705048e-05,-0.0003912165538877437
437522.1051582521,-1.588522815552977,-94.41636809571285,-115.0104337245433,-1489.13241288617,-5.155701350449241e-05,0.0006675500425033682,-0.0005416932804880137,2.442793833068805e-10,0.5893862146958181,0.01905356571691835,-0.5890781541586279,0.0003922568019014217,1.268080346398028e-05,-0.0003920517770160455
438530.6977749856,-1.628548353032416,-94.43958364658097,-115.2709909770015,-1484.670336274672,-5.198162540454852e-05,0.000669514303775465,-0.0005388280092566396,2.444500330018972e-10,0.5889927568016146,0.01894961239512765,-0.5886878457678911,0.0003931499015472831,1.264877736011437e-05,-0.0003929463748629482
439541.6154378245,-1.663513155709133,-94.45449186776248,-115.3479888487068,-1480.669874379534,-5.22956855537941e-05,0.0006712960228642604,-0.0005361401999672393,2.445467476501331e-10,0.5884907690800461,0.01892791820659684,-0.5881862963422291,0.0003938572729790774,1.266782529091336e-05,-0.0003936534995156456
440554.8635065532,-1.697331293390594,-94.46292913053928,-115.258588641933,-1476.713902363583,-5.253429530939634e-05,0.0006730789015234857,-0.0005334779764386616,2.446379158140525e-10,0.5878077941249242,0.01896709773231623,-0.5875017038593353,0.0003944385783633861,1.272755336011118e-05,-0.0003942331816156456
441570.4473533125,-1.732048686999248,-94.48327160970167,-115.4828322987953,-1472.846153167911,-5.291037908080901e-05,0.0006748089455426218,-0.0005308569608667617,2.447162150120831e-10,0.5874751269597496,0.01889580184630662,-0.5871711619868256,0.0003952285686346418,1.271230112425043e-05,-0.0003950240737791991
442588.3723626264,-1.759969211396935,-94.50275413846875,-115.7417238892308,-1469.734804095576,-5.325090548194474e-05,0.0006762013430119664,-0.0005285171814553569,2.446702428405772e-10,0.5871905054737309,0.01883525586205551,-0.5868883393415706,0.000395851688831194,1.269769823091235e-05,-0.0003956479849691455
443608.6439314326,-1.800204779779757,-94.53816620433527,-116.3196486381364,-1465.499892986523,-5.38212852163093e-05,0.0006780891160553122,-0.000525782252578244,2.448129237283665e-10,0.5867025491914676,0.01860555398354869,-0.5864074646427445,0.0003966351445202793,1.257812259945779e-05,-0.0003964356551831531
444631.2674691086,-1.838041602030965,-94.57490279498859,-116.9504803674085,-1461.566024669859,-5.439930027762751e-05,0.0006798447411401242,-0.0005231648660370932,2.449072787411112e-10,0.5864841583756126,0.01837143806809868,-0.5861963478979212,0.00039752311101795,1.245229067214966e-05,-0.0003973280310403555
445656.2483975033,-1.874931635356489,-94.61004136251644,-117.5430415894052,-1457.726762421423,-5.495789156274618e-05,0.0006815681154237775,-0.000520590524088822,2.449875443676154e-10,0.5861069699969312,0.01814924900747582,-0.5858258999390931,0.000398282810129028,1.233313075336195e-05,-0.000398091811935508
446683.592150963,-1.913761756582789,-94.63681908732021,-117.8911141960761,-1453.563446296197,-5.543265120930663e-05,0.000683468606422049,-0.000517909794854397,2.451241714390652e-10,0.5854959022918722,0.01800590230852456,-0.5852189667830575,0.0003989806767765903,1.226995280565951e-05,-0.0003987919616783329
447713.3041763626,-1.95580397591392,-94.6863847346775,-118.8157650868672,-1449.401679519257,-5.618079013052607e-05,0.0006853344041707791,-0.0005152391936298502,2.452626245984064e-10,0.585098485920001,0.01763707375832022,-0.5848326015665689,0.0003998150377949382,1.205193224895656e-05,-0.0003996333511808474
448745.389933132,-1.997847967713945,-94.71205575326326,-119.0986819343753,-1444.902334986811,-5.666165740291881e-05,0.0006874178601809524,-0.0005124584097285984,2.454605136819382e-10,0.584765689042706,0.01751472976577703,-0.5845033321742679,0.0004008056162543785,1.200481182265208e-05,-0.0004006257936206241
449779.854893288,-2.035821621580476,-94.72516183258995,-119.0820964043748,-1440.675832649283,-5.698451213203567e-05,0.0006894085000414689,-0.0005097842370320603,2.456144200542116e-10,0.5841063603686049,0.01751116837064191,-0.583843814050773,0.0004015090227167707,1.203700657306378e-05,-0.0004013285509351861
450816.70454146,-2.077786423747381,-94.75855226861897,-119.5658931470325,-1436.332362584236,-5.755702479960051e-05,0.000691426419673606,-0.0005070783605071984,2.457905524907683e-10,0.5836308400676087,0.0173068920075596,-0.5833741757800573,0.0004023641844771628,1.193164070570596e-05,-0.0004021872361227321
451855.9443749224,-2.114538119869406,-94.78148637120259,-119.8169556174754,-1432.41267830522,-5.799010191725645e-05,0.0006932721397769747,-0.0005045315019926274,2.458962894554941e-10,0.5831695853313923,0.01721005938798013,-0.582915584893259,0.0004031211217503854,1.189660541355369e-05,-0.0004029455417062252
452897.5799036206,-2.157765959746643,-94.81310950895386,-120.2364327185296,-1427.939193314079,-5.855288862551056e-05,0.0006953796171402511,-0.0005017990626025254,2.460993222089983e-10,0.5826828048084656,0.01702461814592572,-0.5824340420995718,0.000404015920634459,1.180439291654958e-05,-0.0004038434355464766
453941.6166502032,-2.193977182834175,-94.81503835516841,-119.9356886073493,-1423.794249778997,-5.874665885097766e-05,0.0006974000486175967,-0.0004991917120759599,2.462481049613206e-10,0.5822574292666582,0.01714320896195418,-0.5820050036921541,0.0004048832116220939,1.192083974053662e-05,-0.0004047076829432593
454988.0601500485,-2.235091104488653,-94.83447052351092,-120.0502242021634,-1419.398412549649,-5.916415794068199e-05,0.0006995198252976474,-0.0004965059379790451,2.464426195522417e-10,0.5815423077430123,0.01707577093935343,-0.5812915565719969,0.0004056146944914263,1.19100253249883e-05,-0.000405439800320752
456036.9159512962,-2.272921240292936,-94.84491981214931,-119.9579879116335,-1415.234347824467,-5.946526820761739e-05,0.0007015563659838016,-0.0004939107651402369,2.465992612699181e-10,0.5812068366903362,0.01711098543306933,-0.5809549046123085,0.000406555102342203,1.19691613979136e-05,-0.0004063788754548025
457088.189614875,-2.311264058231406,-94.85517329676662,-119.8556657711482,-1411.026640288024,-5.97676090679638e-05,0.0007036270507415422,-0.0004913097072698476,2.467657709759818e-10,0.580592172034577,0.01714022858479147,-0.5803391101691225,0.0004073178660368792,1.20248285574987e-05,-0.0004071403289911229
458141.8867145335,-2.345910147779058,-94.86258962479661,-119.7124400457845,-1407.180653264581,-6.002162584203183e-05,0.0007055346180404485,-0.0004888436601953601,2.468711135975468e-10,0.5799110121364148,0.01719644523050703,-0.5796559878656609,0.0004079352073922193,1.209674468100229e-05,-0.0004077558119736072
459198.0128368685,-2.381019408145193,-94.86288558803875,-119.3803863550755,-1403.191653253117,-6.019588397844847e-05,0.0007075396933925301,-0.0004863367903986535,2.470035180768073e-10,0.5793424978402186,0.01732814192252593,-0.5790832973772051,0.0004086813358542726,1.222366426625142e-05,-0.0004084984899697167
460256.5735813561,-2.421545684500451,-94.89137093197655,-119.7298366479927,-1399.06393565786,-6.072369929908377e-05,0.0007095669726740994,-0.0004837908980395922,2.471624946254903e-10,0.578927392611475,0.01717981034729754,-0.5786724289547168,0.0004095636219458217,1.215389950446442e-05,-0.0004093832472735241
461317.5745603793,-2.457217502236101,-94.89356033940615,-119.4416449040605,-1395.068877340314,-6.092458629708612e-05,0.0007115943042828067,-0.0004812999114416167,2.473002079297959e-10,0.578179477351681,0.01728745389762626,-0.5779209738090498,0.0004101920423112501,1.22646622690754e-05,-0.0004100086458050609
462381.0213992603,-2.497254833967205,-94.91571237269508,-119.6287465543387,-1390.926866101086,-6.137991137864816e-05,0.0007136659894424775,-0.0004787672416774085,2.474661694704418e-10,0.5776984003978042,0.01720195199867239,-0.5774422349201841,0.0004110450296409706,1.223956456224891e-05,-0.0004108627623086241
463446.9197362879,-2.533145318937352,-94.91538804975644,-119.2742233409334,-1386.896768064159,-6.155425000661059e-05,0.0007157404844361181,-0.0004762821086850381,2.476144559229814e-10,0.5770397291654191,0.0173379069364573,-0.5767792004037273,0.0004117570024514827,1.237177308270207e-05,-0.0004115710975015379
464515.2752227494,-2.567338265829979,-94.91573938988034,-118.9531317057109,-1383.063834014631,-6.172920604945088e-05,0.0007177232845004101,-0.0004738734279287201,2.477296029676276e-10,0.5765739771935442,0.01747289925583194,-0.5763091609269951,0.0004125519156697538,1.250226049983234e-05,-0.0004123624335523036
465586.0935229589,-2.605445393696365,-94.9276648667858,-118.8935951298176,-1379.009623130825,-6.205939807066608e-05,0.0007198075476791779,-0.0004713976666095154,2.478864767493027e-10,0.5759881876990549,0.01748802325876657,-0.5757226427815243,0.0004133242074470593,1.254925623061921e-05,-0.000413133654680659
466659.3803142887,-2.642961418868983,-94.92643384426103,-118.5038714535366,-1374.834498251438,-6.223246422549723e-05,0.0007219961481339318,-0.0004688895489095609,2.480674089188056e-10,0.5753148127891345,0.01763280283150562,-0.5750445357351918,0.0004140826070348666,1.2691202804955e-05,-0.000413888075233094
467735.1412871981,-2.678327184738236,-94.93393468783556,-118.3560154610533,-1371.021307635406,-6.249962622894409e-05,0.0007239878678353106,-0.0004665136290465443,2.481852271677781e-10,0.5747709294050456,0.01769398940255371,-0.5744985152532269,0.0004148240874085769,1.27701187221299e-05,-0.0004146274804715449
468813.3821452652,-2.713797400080635,-94.93473200114369,-118.0374794825767,-1367.109408440456,-6.268849338902445e-05,0.0007260577698606567,-0.0004641126477770127,2.483229503566732e-10,0.5743990481309715,0.01782786127908888,-0.5741223161104084,0.0004157283666984235,1.290313358874464e-05,-0.0004155280784993114
469894.1086052153,-2.752168915556248,-94.9315638807923,-117.5942451067669,-1362.855167398939,-6.284420737778858e-05,0.0007283311584520825,-0.0004616042904936862,2.485251968493823e-10,0.5734314352440577,0.01798291396242818,-0.5731493921583446,0.0004163124387824821,1.305563369564436e-05,-0.0004161076749037719
470977.326396953,-2.785918138817213,-94.91993603824532,-116.980040777997,-1358.9568916451,-6.287734487109933e-05,0.000730445985252196,-0.0004592253058310156,2.486648793625442e-10,0.5727048203737863,0.01822983633863723,-0.5724146087814648,0.0004169717091777193,1.327267685854384e-05,-0.0004167604135514758
472063.0412635905,-2.819105241724183,-94.89712550244096,-116.0925422984989,-1354.959659318492,-6.277331668190108e-05,0.0007326509532964228,-0.0004568214594673908,2.488248588139771e-10,0.5721978247165218,0.01859512827351568,-0.5718955952049386,0.0004178325751370694,1.357860864881202e-05,-0.0004176118798990722
473151.2589614805,-2.850515255573488,-94.8749726750199,-115.2408088767862,-1351.160587316161,-6.266781513385159e-05,0.0007347595242290261,-0.000454492896952901,2.489505918232038e-10,0.5713837723840531,0.01894334136563598,-0.5710696675202916,0.0004184117393941183,1.387179124402014e-05,-0.0004181817273273594
474241.9852602446,-2.876640394485375,-94.83338990886436,-113.953106521113,-1347.612580661831,-6.230197063988273e-05,0.0007367848231392817,-0.0004522568862549328,2.490319532634403e-10,0.5704806743994603,0.01948116007621689,-0.570147949452901,0.0004188626414377804,1.430360489667125e-05,-0.0004186183456075408
475335.2259428054,-2.89441317426129,-94.78170838281001,-112.4901134222902,-1344.757490329896,-6.177290610735114e-05,0.0007384611470295247,-0.0004502607636986008,2.489867059798642e-10,0.5697837772741392,0.02012511897162296,-0.5694282504681023,0.0004192574519070571,1.480843512206463e-05,-0.000418995848701194
476430.9868054156,-2.910766346458495,-94.73545462499024,-111.179091625138,-1342.127022560838,-6.130076202760034e-05,0.0007400079279134119,-0.0004483464674076841,2.489009252596797e-10,0.5689388111075837,0.02070849696025692,-0.5685618074916375,0.0004194707984084807,1.526809137321441e-05,-0.0004191928388024627
477529.2736576909,-2.921416262665378,-94.69178339824424,-109.9833725130815,-1340.106981925046,-6.083208113394063e-05,0.0007412165565565695,-0.0004466420431393742,2.4870279256378e-10,0.5685070804245412,0.02128025442372138,-0.568108661493994,0.0004197970236588853,1.571376641977954e-05,-0.0004195028231344377
478630.0923226383,-2.927076742237147,-94.68826616478424,-109.8247589527793,-1339.182760083162,-6.082883724886854e-05,0.0007417355697963742,-0.0004453074710292343,2.483020366746228e-10,0.5683628155011717,0.02146446989205872,-0.567957363344003,0.0004199685197743133,1.586029452042791e-05,-0.0004196689274406113
479733.4486366892,-2.945515360871635,-94.72436943130141,-110.5410499840093,-1337.570101535076,-6.136692725353384e-05,0.0007425528084750305,-0.0004437482814596366,2.480296378441618e-10,0.5682631316051249,0.0212579532676631,-0.5678653767967663,0.0004203654951044345,1.572530321477491e-05,-0.0004200712609941315
480839.3484497285,-2.971310896458,-94.80378746547606,-112.2649876063596,-1335.869052239019,-6.246836133958019e-05,0.0007433265921716655,-0.000442164651609317,2.477742914469205e-10,0.568420358806761,0.02063194309512759,-0.5680457967718151,0.0004209547026354278,1.527938494080764e-05,-0.000420677313468069
481947.7976251274,-3.017352392054491,-94.91041201809503,-114.4850870455868,-1332.565288406714,-6.399972816538452e-05,0.0007449338461584761,-0.0004400566901388162,2.478173082130816e-10,0.5683154168196219,0.01972698542708514,-0.5679729386518518,0.0004218397439990003,1.464261963717731e-05,-0.0004215855349834753
483058.8020397726,-3.064602516861816,-95.00481070661813,-116.3829327072986,-1328.97781920176,-6.539369840598204e-05,0.0007467312661358082,-0.0004378626127757265,2.479147686279019e-10,0.5682448103856984,0.01894498303811871,-0.5679289146961649,0.0004228513950391014,1.409764305849651e-05,-0.0004226163256982738
484172.3675840994,-3.117498077798144,-95.0803670821997,-117.7577065486793,-1324.575179974159,-6.659124162069344e-05,0.0007490389244118814,-0.0004354083411278251,2.481667074326182e-10,0.5677770058065371,0.01833741338469765,-0.5674808081274602,0.0004238441030187791,1.368883284852506e-05,-0.0004236229921982972
485288.500162121,-3.16587535007119,-95.12280249631996,-118.3497578037804,-1320.149040521517,-6.736665949733704e-05,0.0007514508905544075,-0.0004329553355309905,2.48426068961415e-10,0.5672564623126436,0.01805725124625888,-0.5669689847891903,0.0004248328918404008,1.35235378974119e-05,-0.0004246175925609006
486407.2056914617,-3.210799528255191,-95.16267360530767,-118.904737827239,-1316.041370075263,-6.809719847246467e-05,0.0007537019299113192,-0.000430615514963752,2.486283168957724e-10,0.5669036097835253,0.01780853845797432,-0.5666238247228776,0.0004258527586494888,1.337760970112677e-05,-0.0004256425866945929
487528.4901033863,-3.25728477931921,-95.19569331251894,-119.2744855336076,-1311.698296195872,-6.875486600507851e-05,0.0007561184623062207,-0.0004282073190030787,2.488778103852037e-10,0.5662471226218059,0.01761873645024492,-0.5659729534203656,0.0004267312253833016,1.327770984567105e-05,-0.0004265246078931301
488652.3593428336,-3.298109281359379,-95.22043424832214,-119.4892684510288,-1307.79831738596,-6.928463983455092e-05,0.0007583135838968954,-0.0004259522394594807,2.490458776163942e-10,0.5658508761926092,0.01751941753955967,-0.5655796001422064,0.0004276728670284701,1.324126168757926e-05,-0.0004274678352593005
489778.8193684461,-3.343129643782696,-95.25427824664817,-119.8860967723106,-1303.642652167372,-6.995105654209583e-05,0.0007606485099405581,-0.0004236221819175559,2.49265153953188e-10,0.5653289631234681,0.01732692379962357,-0.5650633718954872,0.0004286025752278816,1.313635890909416e-05,-0.0004284012179798085
490907.8761526032,-3.388004803590384,-95.28223889888895,-120.1383198554605,-1299.431169333248,-7.054699008727192e-05,0.0007630451127694723,-0.0004212824928129266,2.494978753814279e-10,0.564582969892613,0.01718625433828309,-0.5643213291685714,0.0004293901937392107,1.307090272554692e-05,-0.0004291912044547701
492039.5356814509,-3.431608183210999,-95.2916529787948,-119.9510746431098,-1295.084617861145,-7.090847436885117e-05,0.0007655827570059659,-0.0004189076358862394,2.497594828607944e-10,0.5639591958688809,0.01723241091800026,-0.5636958564855945,0.0004303339039531883,1.314933902876322e-05,-0.0004301329605769576
493173.8039549359,-3.474356324691575,-95.3040367061806,-119.8429543634815,-1290.8789953271,-7.130406976199519e-05,0.0007680462020147401,-0.0004165869545223873,2.499968850698165e-10,0.5631340770288498,0.01724342620125676,-0.5628700142697036,0.0004310806502230383,1.319988912432647e-05,-0.0004308785094708518
494310.6869868354,-3.512196577419371,-95.31378545666949,-119.7143708516951,-1287.114660612711,-7.164253760414455e-05,0.0007702680957829736,-0.0004144168150829719,2.501513750943392e-10,0.562692783511065,0.01729233101737862,-0.5624270120677133,0.0004319807171271293,1.327536761192535e-05,-0.000431776683697067
495450.1908047903,-3.554198759159623,-95.31668416442528,-119.384861939354,-1282.86808412046,-7.191845001002734e-05,0.0007728105781463712,-0.0004120995424200906,2.504021946812818e-10,0.5618482303451945,0.0173961932758951,-0.5615788514550155,0.0004327429696112484,1.339877912139528e-05,-0.0004325354904120793
496592.321450336,-3.593538010027665,-95.31786246226821,-119.0384942788042,-1278.861079334678,-7.21595938942878e-05,0.0007752290273082912,-0.0004098675181072171,2.506090564241378e-10,0.5611699626144507,0.01752204649055014,-0.5608963405367225,0.0004335587407361085,1.353749651205376e-05,-0.0004333473408904989
497737.0849789361,-3.631643000600838,-95.32641368735614,-118.8795214354108,-1275.090971078025,-7.248798489902362e-05,0.0007774995553511155,-0.0004077193302715246,2.507719523625357e-10,0.5605178283299793,0.01757662700338749,-0.5602421780435136,0.0004343139500449751,1.361914629023068e-05,-0.0004341003640380809
498884.4874600122,-3.671657200180793,-95.33599554642116,-118.7283376659187,-1271.169375437833,-7.284090100114326e-05,0.0007798738233200369,-0.0004055305279945887,2.509670525493242e-10,0.5597105469731387,0.01761643768582691,-0.5594332467026173,0.0004350041478048455,1.369140443095504e-05,-0.0004347886314660583
500034.5349769786,-3.70954231614866,-95.3335680203997,-118.3110819215108,-1267.281885786333,-7.303149192142186e-05,0.0007822723391657319,-0.0004033604927367658,2.511579354387734e-10,0.5590736136096226,0.01777892053661072,-0.55879085123065,0.0004358282052050699,1.385963286288287e-05,-0.0004356077765940119
501187.2336272722,-3.747783931298892,-95.33653352829735,-118.0195159004914,-1263.452226244605,-7.329311535501434e-05,0.0007846359058257236,-0.0004012166585169508,2.513398240123062e-10,0.5584411501422699,0.01788894672396769,-0.5581545518557816,0.0004366369657502926,1.398710574253338e-05,-0.0004364128787427902
502342.5895223872,-3.783578725012617,-95.33906228075701,-117.7394918390816,-1259.853982734225,-7.353687188426181e-05,0.0007868703989976924,-0.0003991538705026071,2.514779540510414e-10,0.5578091303644451,0.01800329609171601,-0.5575185263717902,0.0004373709192165849,1.411615144308882e-05,-0.0004371430603873247
503500.6087879047,-3.825648700622725,-95.35889481050923,-117.8124916375401,-1255.942501886725,-7.403670753349293e-05,0.0007892698507485052,-0.0003969994354042102,2.516809671400262e-10,0.5572127605624658,0.01795065923828341,-0.556923544453415,0.0004382339551010172,1.411774631062433e-05,-0.0004380064938360951
504661.2975635284,-3.862986175351013,-95.3703011540799,-117.727514548368,-1252.355318946898,-7.440495860627342e-05,0.0007915010014783505,-0.0003949550727985738,2.518213611231807e-10,0.5565033980496296,0.01797661537398596,-0.5562129748041484,0.0004389055772699539,1.417787703674649e-05,-0.0004386765249718775
505824.6620031141,-3.906485905727051,-95.3893431844559,-117.7674609352557,-1248.327763940658,-7.490656821584919e-05,0.0007940049659113114,-0.0003927794533450117,2.520527858590232e-10,0.555804433607238,0.01792910726129077,-0.5555151802878799,0.000439738803891577,1.418506889330636e-05,-0.0004395099537763473
506990.7082747045,-3.952938002548091,-95.39551627689605,-117.4808646684766,-1243.856662747284,-7.526091176142941e-05,0.000796842845880148,-0.0003904725138803812,2.523770123369108e-10,0.5552800286078996,0.0180122946867965,-0.5549878083443868,0.0004408824429088837,1.430144084925688e-05,-0.0004406504252295012
508159.4425605604,-3.994278369981783,-95.39098239446776,-116.9901091427942,-1239.70858207233,-7.54500330594994e-05,0.0007995210380335273,-0.0003882752780034032,2.526390758109155e-10,0.5541697927308596,0.01818004302394428,-0.5538715060472162,0.0004414602366048836,1.448250373822745e-05,-0.0004412226168145872
509330.8710571955,-4.034597763938855,-95.38171777411182,-116.4004750968933,-1235.596383518166,-7.557257881160707e-05,0.0008022063912972423,-0.0003860972960370635,2.528968984507671e-10,0.5533865091704726,0.01840384122019233,-0.5530803984595942,0.0004422938048044627,1.470925803467418e-05,-0.0004420491460193962
510504.9999754062,-4.07576996623252,-95.37418706471529,-115.8461405948113,-1231.445431053523,-7.57224609542387e-05,0.0008049303851767899,-0.0003839151967356634,2.531657551979321e-10,0.5526071473435147,0.01861070440964175,-0.5522936727652362,0.0004431487104116356,1.49243629921025e-05,-0.000442897327750773
511681.8355403079,-4.118500944286517,-95.37742878659257,-115.528701055915,-1227.326355999641,-7.60218857866151e-05,0.0008076232417219769,-0.0003817510077097872,2.534311948453501e-10,0.5518233631596507,0.01871342297927105,-0.5515059672652933,0.0004439864074074037,1.505645826825554e-05,-0.000443731036808278
512861.3839913649,-4.161442707928763,-95.36490474269085,-114.8489618929853,-1222.970141242055,-7.611707412945869e-05,0.0008105333070905339,-0.0003795211519293169,2.537489639750002e-10,0.5509678763520114,0.01896520007756262,-0.5506413732710823,0.0004448695977580997,1.531312675753308e-05,-0.000444605968424133
514043.6515824262,-4.20157884442452,-95.33725926355089,-113.8505588082782,-1218.654965447614,-7.599755443432938e-05,0.0008134768774322148,-0.0003773122400741688,2.540617991657532e-10,0.5501393602332046,0.01936250246026211,-0.5497985168916665,0.0004457768779031871,1.5689398939697e-05,-0.0004455006931914068
515228.6445817564,-4.241024714594706,-95.29126601169791,-112.4459226688024,-1214.142484250826,-7.56301971591342e-05,0.0008166221885486611,-0.0003750505334253205,2.54419547460895e-10,0.5490127054896818,0.01992383893819446,-0.5486510652783471,0.0004465337898100958,1.62048477561238e-05,-0.0004462396534950336
516416.369272071,-4.275081362021963,-95.25124536781061,-111.2288706585084,-1210.206370926313,-7.530875448246814e-05,0.0008193837977643518,-0.0003729748659317785,2.546599777341476e-10,0.5479122569824671,0.02042694635922888,-0.5475313518092442,0.0004470999905523142,1.666852202672317e-05,-0.0004467891694360149
517606.8319505677,-4.311885854982134,-95.20577290617835,-109.8730748804458,-1205.955629526624,-7.492702842740332e-05,0.000822391398748499,-0.0003708100197699682,2.549698347283888e-10,0.5469282018787712,0.0209846675157768,-0.5465254813268986,0.0004478855362606305,1.718457565594321e-05,-0.0004475557439593394
518800.0389289612,-4.340678018876045,-95.14500047854226,-108.2447055944688,-1202.193453439133,-7.42935789513635e-05,0.0008251235361340065,-0.0003688030383778626,2.551794946058953e-10,0.5457442337207686,0.02167831303344417,-0.5453135055942526,0.0004483404485766785,1.780919337165713e-05,-0.0004479865962965725
519995.9965335159,-4.370054870363195,-95.06828580393982,-106.2635664603231,-1198.149704412835,-7.3444534145063e-05,0.0008281064696760607,-0.0003667171464638481,2.554518467499712e-10,0.5446343285162936,0.02252352436671132,-0.5441683954884702,0.0004489751391428253,1.856750843098666e-05,-0.0004485910422634235
521194.7111050806,-4.394397889321826,-94.98908888061277,-104.2773482564006,-1194.515482441513,-7.252860426724982e-05,0.0008308280001911702,-0.0003647639540072719,2.556397290133322e-10,0.5435488585089445,0.0233899853191884,-0.5430453665884138,0.0004494808529467005,1.934205248911694e-05,-0.0004490644966719164
522396.1889991198,-4.415524677185473,-94.90577141134992,-102.2345620657768,-1191.1047601206,-7.153359718999802e-05,0.0008334168641201471,-0.000362885898300072,2.557821133879164e-10,0.5422921235108501,0.02428440169258599,-0.5417481103394273,0.0004497648606534234,2.014093524465355e-05,-0.0004493136683944347
523600.4365857503,-4.431663729249654,-94.82588217026573,-100.3150083615923,-1188.182432484867,-7.055292189663246e-05,0.0008356650089275333,-0.0003611630056269997,2.558214785631009e-10,0.5412833402864003,0.02515388990338728,-0.54069856324419,0.0004500681892508102,2.091504548327993e-05,-0.0004495819567642094
524807.4602497725,-4.441736184649431,-94.7340005858027,-98.18343389966778,-1185.612304288287,-6.937206788723183e-05,0.000837701168051148,-0.0003595529277122828,2.557863907403772e-10,0.5406190372353115,0.0261498676002858,-0.5399862293111951,0.0004505330246351138,2.179238637990569e-05,-0.0004500056646118279
526017.2663907063,-4.454005540365988,-94.661918816366,-96.48049965796829,-1183.143946061342,-6.846773979016911e-05,0.0008396224327239117,-0.0003579791376373731,2.557305106125641e-10,0.5396066173570851,0.02693984634941958,-0.5389337122264902,0.0004506563241466953,2.249900527233922e-05,-0.0004500943426162637
527229.8614228227,-4.467579598083245,-94.60810901136404,-95.17580731467307,-1180.833423661702,-6.781676178317898e-05,0.0008413934303001751,-0.000356458330787086,2.55641580686578e-10,0.5389444961826775,0.0275733566878264,-0.5382386830826691,0.0004510005561171149,2.307398867287102e-05,-0.0004504099162592572
528445.2517751806,-4.482487446533262,-94.56387496581277,-94.07601703149301,-1178.549808234951,-6.730147483367939e-05,0.0008431281718975156,-0.000354950729579831,2.555478256678915e-10,0.5381402371342705,0.02810828164184932,-0.5374056562096006,0.0004512101196778484,2.356772500621069e-05,-0.0004505942015136567
529663.4438916577,-4.500809033714299,-94.52207355206473,-93.00964800295475,-1176.007073569076,-6.683439585449425e-05,0.0008450491316782972,-0.00035337031661909,2.555113506345432e-10,0.5374322044819103,0.02862415415368962,-0.5366693881835182,0.0004515989224330971,2.405259131024069e-05,-0.0004509579355039636
530884.4442309885,-4.528887402700051,-94.49444971880179,-92.18954511746722,-1172.831755447251,-6.660934328169478e-05,0.0008474014370145413,-0.0003516056522713972,2.556138698073758e-10,0.5366243547783734,0.02900088862152908,-0.5358401315695449,0.0004521399673564277,2.44350833462656e-05,-0.0004514792096906928
532108.2592667942,-4.559244997288178,-94.46151426946874,-91.24239092868621,-1169.386257730171,-6.632002786796803e-05,0.0008499747585713609,-0.0003497664245203422,2.557773866870447e-10,0.5357442531520065,0.02942233016128738,-0.5349357263010963,0.0004527305750577328,2.486333427766835e-05,-0.0004520473296024459
533334.8954876211,-4.592200564816436,-94.41749770973244,-90.04294497961187,-1165.558982796854,-6.588658546601687e-05,0.0008528675017583776,-0.0003478198691793389,2.560270639526246e-10,0.5349034622179165,0.02994804974330362,-0.5340644420004824,0.0004535130316879807,2.539118138423063e-05,-0.0004528016760334887
534564.3593969716,-4.621699672218293,-94.34517779049426,-88.263485379288,-1161.615616542812,-6.503632779859098e-05,0.0008559282889044927,-0.0003458458539100568,2.563053607001598e-10,0.5335481653515665,0.03070607216858458,-0.5326638544917425,0.0004539250513614254,2.612370595829559e-05,-0.0004531727090640799
535796.6575133418,-4.646596363102591,-94.2471428587575,-85.97317601129596,-1157.689954363798,-6.379548007457183e-05,0.0008590515070240496,-0.0003438843378754022,2.565829930224277e-10,0.532336456830575,0.03170712717353488,-0.5313913448272675,0.0004544697641935794,2.706921614124661e-05,-0.0004536628969881338
537031.7963702526,-4.666638496651304,-94.11621200215436,-83.02589637103617,-1153.693405807932,-6.205679518480933e-05,0.0008623154764910661,-0.0003419090072280629,2.568796621145528e-10,0.5307719225099119,0.03298596722201544,-0.5297459388152929,0.0004547611182368468,2.826211166007483e-05,-0.0004538820636514962
538269.7825162885,-4.671652595548103,-93.94342954699873,-79.29964035415993,-1150.358629479201,-5.964112560453398e-05,0.0008651827827290954,-0.0003401366157954308,2.570318114272337e-10,0.529303485504749,0.03464888501968545,-0.5281681877341428,0.0004548955239092928,2.977804442166523e-05,-0.0004539198230339046
539510.6225151276,-4.667885985694769,-93.72670738245112,-74.71764117560475,-1147.116269615265,-5.654180084261396e-05,0.0008680683522579582,-0.000338397831277707,2.571654921628417e-10,0.5276226038500015,0.03669109596383677,-0.526345300701382,0.0004548291172578837,3.162900654119906e-05,-0.0004537280373205986
540754.3229455811,-4.643893570168916,-93.47611680973294,-69.5579463440211,-1145.095510056658,-5.285228769291601e-05,0.0008700791284730478,-0.0003370247874212424,2.570268062622315e-10,0.5259775412855068,0.03903203888990015,-0.5245272861127859,0.0004543173114126957,3.37142360186622e-05,-0.0004530646418988556
542000.8904016238,-4.604888431789174,-93.20980581706611,-64.16312161930763,-1144.128200755124,-4.886212926986031e-05,0.0008712877216024826,-0.0003359656080012757,2.566524659119268e-10,0.5244729551973543,0.04151165835250443,-0.5228275652203802,0.0004535048900752122,3.589458688276564e-05,-0.0004520821429283022
543250.3314924333,-4.547144011179504,-92.9228025728472,-58.43319592290401,-1144.473771824697,-4.449562444852322e-05,0.0008714922115416227,-0.0003352941497974281,2.559848642681004e-10,0.5231150557602806,0.04417633430331414,-0.5212464033934462,0.0004522965272707986,3.81958086905056e-05,-0.0004506808502473813
544502.6528424212,-4.464832144365436,-92.63037178526791,-52.68925786491362,-1146.8914614623,-3.997254500228993e-05,0.0008700857141237511,-0.0003352296712031595,2.54857730956521e-10,0.5221864673931272,0.04691352328347851,-0.5200748292905975,0.0004506344263204324,4.048524803229866e-05,-0.000448812133165881
545757.861091271,-4.37416611398561,-92.40475697780987,-48.34073315745819,-1151.09072623581,-3.641907095472037e-05,0.0008672118128112156,-0.0003356832619164612,2.533439727836086e-10,0.5219580920113929,0.04910041048963803,-0.5196435311883741,0.0004488528173639635,4.222342352634718e-05,-0.0004468624331506087
547015.9628939716,-4.286050894552618,-92.27462140504959,-45.9391742180869,-1156.560758501287,-3.428953724935825e-05,0.000863270485044157,-0.0003365027242125848,2.515658461761273e-10,0.522482518737386,0.0504923028780914,-0.5200370272742414,0.0004472012590756116,4.321718069204729e-05,-0.0004451081232822461
548276.9649208538,-4.207696265730025,-92.23490093655327,-45.3711248756443,-1162.581918351947,-3.351748879895445e-05,0.0008588463815484147,-0.0003374766238477312,2.496873657898725e-10,0.5234788027336094,0.05111166402113204,-0.5209775952115446,0.0004457265878889055,4.352005751999218e-05,-0.0004435968842818249
549540.8738576245,-4.157884094343444,-92.32804795297464,-47.48832365877643,-1168.095782362945,-3.474663274670179e-05,0.0008546815729772659,-0.0003382973434948221,2.479371905705225e-10,0.5248845795413657,0.05056231964900613,-0.5224435602742443,0.0004447660135353688,4.284446947372592e-05,-0.0004426975923038873
550807.6964054035,-4.131860114422709,-92.50832691363456,-51.37641400953935,-1172.802025403055,-3.728050225953664e-05,0.0008510256973152995,-0.0003388791420839189,2.463743118893409e-10,0.526596130129462,0.04924137805092948,-0.5242888239844244,0.0004443475187202728,4.155040818457632e-05,-0.0004424005888022283
552077.4392807573,-4.135311073937276,-92.75880672079992,-56.66443949823539,-1175.915575995566,-4.088377908732998e-05,0.0008484310982349034,-0.000338997327661621,2.451568252396619e-10,0.5281508757235439,0.04725204651955724,-0.526032880747259,0.000444370812488737,3.975650002451606e-05,-0.0004425887930096072
553350.1092157367,-4.157761787188104,-93.04188011481317,-62.58946015851255,-1177.805116049828,-4.499141369115353e-05,0.0008466460181882206,-0.0003387611262676564,2.442005823060516e-10,0.5299018529206235,0.04496614699029659,-0.5279905485456697,0.0004449980050458681,3.776141863817678e-05,-0.0004433929405811901
554625.7129579107,-4.214062706337144,-93.37021024825623,-69.33281723548582,-1177.343532493801,-4.984584261578266e-05,0.000846434383678256,-0.0003378495416563598,2.43734456443955e-10,0.531264585013744,0.04221405774704659,-0.5295847737788112,0.0004461545663202238,3.545125189600812e-05,-0.0004447438653735347
555904.2572704037,-4.293537354721671,-93.69201502974036,-75.80285831762853,-1174.743562542797,-5.470095309019499e-05,0.000847719913652887,-0.0003363281399608438,2.437120808794027e-10,0.5321200691182654,0.03946925424650512,-0.5306542621402869,0.0004476871794560574,3.320656395864052e-05,-0.0004464539559230951
557185.7489319298,-4.376496013493397,-93.94810696059093,-80.81155429989821,-1170.897939824534,-5.866399139232533e-05,0.0008499966033105296,-0.0003344561402304595,2.43950150161206e-10,0.5326167892303015,0.0372993385648204,-0.5313091411905336,0.0004494228372432822,3.147323723933723e-05,-0.0004483194418865616
558470.1947368309,-4.458868124171521,-94.1386186487521,-84.38270386077205,-1166.176867894065,-6.172437076864581e-05,0.0008530365831187142,-0.0003323414835633737,2.443744003545865e-10,0.5324399182855579,0.03568873278807762,-0.5312424878865702,0.0004509664120993705,3.022767306710609e-05,-0.0004499522114877618
559757.6014951101,-4.529292230017633,-94.26461044265683,-86.61830876667592,-1161.582134649399,-6.384128431520406e-05,0.0008561341865190495,-0.0003302707065395743,2.447767745634063e-10,0.5323417034631935,0.03468248437659621,-0.5312107063337126,0.0004525734715913788,2.94855207766287e-05,-0.0004516119476417819
561047.9760324706,-4.595513057298344,-94.37353782045557,-88.49887365306517,-1157.131839098959,-6.571115545509092e-05,0.0008591800892195131,-0.0003282486701118705,2.451530428220661e-10,0.5318047923579403,0.03380716599691741,-0.5307291330821485,0.0004537703959725957,2.884647021158691e-05,-0.0004528525736014518
562341.325190349,-4.654322607053412,-94.43320870547925,-89.3613200311998,-1152.619989255089,-6.68612775629151e-05,0.0008624049532755546,-0.0003262167665418857,2.455466337080831e-10,0.5310923662549507,0.03337863597918869,-0.5300424210895308,0.0004548794711489025,2.858873003381932e-05,-0.0004539801953695322
563637.6558259543,-4.701609591085664,-94.47218927779329,-89.85217672617156,-1148.808986738257,-6.766815363270673e-05,0.0008651741765382914,-0.0003243903721085732,2.457945830203092e-10,0.5305508953341327,0.03315332830149631,-0.5295140313177574,0.0004558784414978707,2.84871588559565e-05,-0.0004549875110405153
564936.9748123025,-4.736557938268157,-94.46679657433425,-89.47764803880949,-1145.407216503168,-6.778794878529173e-05,0.0008677564445697446,-0.000322685942834907,2.459575830048772e-10,0.529920867279015,0.0333328782610751,-0.5288714823135917,0.0004566720696823447,2.872541061105258e-05,-0.0004557677369156167
566239.2890382531,-4.76244963573168,-94.44667644296241,-88.85187338562235,-1142.563956848111,-6.765300407477129e-05,0.0008699634693447004,-0.0003211446203951544,2.460025516863092e-10,0.5290691195575529,0.0336339568154378,-0.5279989490693533,0.0004570643593252449,2.905647363481918e-05,-0.0004561398359114294
567544.6054085471,-4.780072935553948,-94.43494549571285,-88.46015737248068,-1140.547793474552,-6.759523433224211e-05,0.0008715290324705879,-0.0003198406212201756,2.458706237479407e-10,0.5285124221048138,0.03387598252878455,-0.5274256327927249,0.0004573768964707632,2.931641926637726e-05,-0.0004564363843808086
568852.9308438414,-4.793443725036699,-94.43432672677199,-88.33209145520581,-1139.056153662465,-6.76743852332731e-05,0.000872671796573215,-0.0003186876738873456,2.456263739411764e-10,0.528290673445141,0.03403718892300209,-0.5271930437888388,0.0004577630548286746,2.949317177523886e-05,-0.0004568119604221373
570164.2722807475,-4.808112551552741,-94.4669367195221,-88.89749074758667,-1137.944750137721,-6.823461511892996e-05,0.0008734467238532517,-0.0003176444767845997,2.453007946359673e-10,0.5283396391537423,0.03391037786068883,-0.527250282668916,0.000458211170466004,2.940932835434905e-05,-0.0004572664082846798
571478.636671867,-4.826953292115511,-94.5097906361276,-89.65040169123047,-1136.63315686467,-6.896332603871246e-05,0.0008743519438233247,-0.0003165486402968164,2.450190269970782e-10,0.5279966980143331,0.03366465146670488,-0.5269223893095303,0.0004583939890017404,2.922683784237838e-05,-0.0004574613001147343
572796.0309858292,-4.847552900500625,-94.57351840789954,-90.83051613743261,-1135.481886351734,-7.000051277015133e-05,0.0008750838117618423,-0.0003155007109479413,2.44703353471693e-10,0.5282080744890386,0.03326264338352122,-0.5271597163199768,0.0004589805318716398,2.890320403828297e-05,-0.0004580695726999281
574116.4622073274,-4.872274460391747,-94.6339692838983,-91.91117573442024,-1133.938267290807,-7.10142598445502e-05,0.000876126174185278,-0.0003143471617353101,2.444728975185209e-10,0.527905136787704,0.03285881040622677,-0.5268815161167946,0.0004592812428639754,2.858739995264066e-05,-0.0004583906855626822
575439.937337157,-4.888175955728388,-94.69255930005824,-93.01034101580291,-1133.108601773757,-7.195678978156927e-05,0.0008766214225971814,-0.0003133947147755512,2.440892175486978e-10,0.5281432904002694,0.03250618589195274,-0.5271419951716816,0.0004597649249332883,2.829763132114107e-05,-0.0004588932667413251
576766.4633922506,-4.910523456202712,-94.79669132840991,-95.02509338085518,-1132.407892732384,-7.358429309222155e-05,0.0008768992622274314,-0.0003124805708442603,2.43678517578359e-10,0.5284262137794721,0.03173706258644772,-0.5274722952607959,0.0004602047172443546,2.763970736670888e-05,-0.0004593739526253519
578096.0474057181,-4.941310791936174,-94.93353277362061,-97.66943997454914,-1131.483226559763,-7.572485946929194e-05,0.0008772591339258841,-0.0003115073167178552,2.433167525137569e-10,0.5286799745584555,0.03066439553248559,-0.5277899301291722,0.0004606864799575123,2.672064976488661e-05,-0.0004599109040801116
579428.6964268809,-4.98329397785304,-95.10585056143051,-100.9795367977214,-1130.150165116125,-7.843459108152192e-05,0.0008778299928149201,-0.0003104247102767563,2.43043482152935e-10,0.5293994310801279,0.02928970316474757,-0.5285885648748788,0.0004617135702155375,2.554489601765756e-05,-0.0004610063765379229
580764.417521312,-5.046356567455722,-95.31218479956252,-104.8442474323329,-1127.579445076555,-8.175450803259333e-05,0.0008792537984441627,-0.0003090062631224553,2.430373276669789e-10,0.5298008035370595,0.02758047528192927,-0.5290824215675066,0.0004629429006652868,2.409997331733086e-05,-0.0004623151744886745
582103.2177708712,-5.112175702386513,-95.49341088671089,-108.1407111612167,-1124.439623895562,-8.474586302772242e-05,0.0008811816135325376,-0.0003074370985899842,2.431554400830599e-10,0.5298411872086923,0.02608300770970749,-0.5291987909770126,0.0004641098175138741,2.284718561072771e-05,-0.0004635471160760581
583445.1042737447,-5.190306862460268,-95.68024454708184,-111.4410422096257,-1120.404038839974,-8.790636954030127e-05,0.0008837915504006804,-0.0003056291667122145,2.434700057140755e-10,0.5299350492485435,0.02453615881138007,-0.529366728585051,0.0004656929571431458,2.156172981954702e-05,-0.0004651935319196911
584790.0841444806,-5.265615439360952,-95.82867597706682,-113.9314911179408,-1116.078429340515,-9.052157563067875e-05,0.0008867537584207701,-0.0003037489925425885,2.438514919782839e-10,0.5296924604222553,0.0233290269684748,-0.5291784756855542,0.0004671392219104223,2.05740204368646e-05,-0.0004666859354321043
586138.1645140288,-5.340411947393121,-95.97811550679769,-116.4303435357006,-1111.845721946243,-9.31623904934403e-05,0.0008896495721895371,-0.0003019010760884965,2.442168370775144e-10,0.5295768163908718,0.02211925236000923,-0.5291146786224376,0.0004686659650498698,1.957514081551856e-05,-0.0004682569814302595
587489.3525297765,-5.411931699288028,-96.08899039470765,-118.1266302167063,-1107.352451866492,-9.524932736022467e-05,0.0008928941424764523,-0.0002999894648312792,2.446438259836406e-10,0.5290968813313757,0.02125173094168969,-0.5286699100256887,0.0004700220528880542,1.88789285234542e-05,-0.0004696427538660712
588843.655355589,-5.485138293935097,-96.18789968828115,-119.5435597532175,-1102.585885179347,-9.7190968758693e-05,0.0008964212755707025,-0.0002980111821085624,2.451363431155814e-10,0.5284949693228468,0.02049166329479312,-0.5280975519115475,0.0004714062765032169,1.827812799340958e-05,-0.00047105178862168
590201.0801718441,-5.551199906483129,-96.26209463791866,-120.4918036936856,-1098.060901964403,-9.874305211346681e-05,0.0008998610821867337,-0.0002961055583169991,2.455804006191486e-10,0.527901644360303,0.01996148810832331,-0.5275241085588535,0.0004727273569468194,1.78751887117301e-05,-0.000472389279762407
591561.6341754741,-5.616226481932403,-96.31331156979601,-120.9600592531665,-1093.313610619014,-9.996980125296532e-05,0.0009035903672301116,-0.000294147313529208,2.460794667355943e-10,0.5271348855009168,0.01963768879619553,-0.5267689708883851,0.0004740201920044405,1.765897357533145e-05,-0.0004736911473525681
592925.3245799997,-5.674286986621291,-96.36584616332357,-121.511159257134,-1089.156955945215,-0.0001011726419351303,0.0009068540485390215,-0.0002923550507214242,2.464504765011213e-10,0.5263666956957789,0.01930297927126249,-0.5260126360924668,0.0004750637552130438,1.742159200874958e-05,-0.0004747442044396113
594292.1586155727,-5.727418432010566,-96.40993786985534,-121.924617169251,-1085.283098608674,-0.0001022252908246468,0.0009099342114672241,-0.0002906452109346967,2.467613240961773e-10,0.525818781096413,0.01905492663959489,-0.5254734059155393,0.0004761983338413778,1.7256752028378e-05,-0.000475885551012778
595662.1435290104,-5.779507142069598,-96.43329318006894,-121.9131627492408,-1081.208392566892,-0.0001029781216540508,0.0009132796399692091,-0.000288888024963236,2.471216093064231e-10,0.5248449426207468,0.01898231150857138,-0.5245015592392138,0.0004770618324014734,1.725411750425938e-05,-0.0004767497114455348
597035.2865838369,-5.83099341521608,-96.4695228078284,-122.1718567719877,-1077.383556547351,-0.0001039157956825475,0.0009163908324881995,-0.0002872039936057603,2.474285378648686e-10,0.5241182013890779,0.01880144988054683,-0.523780864970945,0.000478034215267791,1.714830035614787e-05,-0.000477726539729151
598411.5950603196,-5.877271661238405,-96.49907133482318,-122.3353585289652,-1073.878412334719,-0.0001047229676776326,0.0009192741625718061,-0.0002856112064230961,2.476652184894866e-10,0.5235133539814633,0.0186867474305964,-0.5231797370573386,0.0004789886830107479,1.709744455124783e-05,-0.0004786834401169397
599791.0762555094,-5.926265132649728,-96.53432604584397,-122.5904844291186,-1070.261718526748,-0.000105636959535479,0.0009222509755049767,-0.0002839946268773686,2.479306048607903e-10,0.5227986356392882,0.01851671238504232,-0.5224706161965004,0.0004798929862629599,1.699706119424789e-05,-0.0004795918871031289
601173.7374832779,-5.975065544784113,-96.56652580383195,-122.7819118498133,-1066.630630401166,-0.000106509746855266,0.0009252711309061911,-0.0002823801618351501,2.48202459372869e-10,0.5219572174495811,0.01837082080309224,-0.52163382730679,0.0004806960498378176,1.691859159544596e-05,-0.0004803982239643567
602559.5860743577,-6.016195202376512,-96.58095939974066,-122.6744325624958,-1063.338996134197,-0.0001070701529787961,0.0009280814804373086,-0.0002808612813210592,2.483981691347144e-10,0.5214050906670712,0.01839738619090183,-0.5210804206213082,0.0004816352772432493,1.69941382568203e-05,-0.000481335371181144
603948.6293763798,-6.055886562332109,-96.58623718015876,-122.3921100072274,-1060.034175344237,-0.0001074885739895023,0.0009309551235056056,-0.0002793444187903548,2.48599507863683e-10,0.5205481574331657,0.01849659279785327,-0.5202194347214781,0.0004823127757176442,1.713797827590428e-05,-0.0004820081983961198
605340.8747539136,-6.096026541375692,-96.60435677835837,-122.3678453380495,-1056.890495939206,-0.0001080996236007546,0.0009336559329178437,-0.000277875414912219,2.487654936791555e-10,0.5200452571483491,0.01849194541093242,-0.5197163817289308,0.0004832373108972435,1.718311599001566e-05,-0.0004829317127380152
606736.3295885053,-6.137366386555385,-96.62966076620023,-122.478222262818,-1053.770202796748,-0.0001088276873576696,0.0009363246139440983,-0.0002764178251396217,2.489282681681973e-10,0.5192970009943312,0.01841385784323164,-0.5189704279446331,0.0004839208480292501,1.715944764927304e-05,-0.0004836165221678437
608135.0012787179,-6.179483347899131,-96.66546155505924,-122.7930668316639,-1050.753493722107,-0.0001097188538932284,0.0009388760459378521,-0.0002749925791893481,2.490687774000482e-10,0.5186931538156335,0.01824644798017639,-0.5183721201524202,0.0004846851871331181,1.705012489316558e-05,-0.0004843852019492267
609536.897240169,-6.218273688094227,-96.69947519016513,-123.09835749021,-1047.969214408998,-0.0001105614934472097,0.0009412395404298766,-0.0002736331162830396,2.491561473377536e-10,0.5181423382340165,0.01809777009192224,-0.5178261806709987,0.0004853975598279017,1.695405449955319e-05,-0.0004851013823139526
610942.0249055721,-6.26137223139332,-96.73998178685994,-123.4948016266818,-1044.967641814123,-0.0001115370949948097,0.0009437859213204497,-0.0002722218455859279,2.492971360026625e-10,0.5176079414506091,0.01789170472369503,-0.5172986255102726,0.0004862235711056291,1.680686841771061e-05,-0.0004859330100669232
612350.3917247733,-6.307909374974486,-96.78851654035525,-124.0199566307435,-1041.838587958564,-0.0001126625985835642,0.0009464302827771392,-0.0002707824856785794,2.494707844739272e-10,0.517031223780837,0.0176125650832093,-0.5167311524530911,0.0004870657333859395,1.659179665461991e-05,-0.0004867830532409225
613762.0051647943,-6.354927946301131,-96.82214685243189,-124.2374485595981,-1038.472225816866,-0.000113577152931546,0.0009493652692825922,-0.0002692867701349813,2.49703854285223e-10,0.5164832215751062,0.01746963244311559,-0.5161876888408931,0.0004880665131011438,1.650845997604233e-05,-0.0004877872404644554
615176.872709868,-6.402713139520555,-96.8592182725527,-124.5148671636445,-1035.112365128639,-0.0001145531467519454,0.0009522989613079362,-0.000267798184349922,2.499381984316435e-10,0.515963797568227,0.01729734405625989,-0.5156737750648425,0.0004890941351758961,1.639655644816373e-05,-0.0004888192160708291
616595.0018614822,-6.451228059474223,-96.89455586671171,-124.7484769331248,-1031.687786773665,-0.0001155140662492575,0.0009553178866769653,-0.0002662983165560157,2.501910917819644e-10,0.515049761464984,0.01712822468420329,-0.5147648790509162,0.0004897855455095417,1.628805117140676e-05,-0.0004895146371449141
618016.4001384157,-6.49521301442618,-96.92596103103328,-124.9410854761601,-1028.549725712138,-0.000116383975434235,0.000958105218583295,-0.0002648777168797408,2.503772349274713e-10,0.5144178577292656,0.01700458222291314,-0.5141367294156207,0.0004906180226387528,1.62178555441877e-05,-0.0004903499008866093
619441.0750767814,-6.536426508807707,-96.94143068536314,-124.8387346023511,-1025.394309866703,-0.0001169977555769423,0.0009609904587539174,-0.000263457784121532,2.505700897394623e-10,0.5136486029368409,0.01701985318906578,-0.5133665473094162,0.000491349069184421,1.62809535045718e-05,-0.0004910792587163287
620869.0342300634,-6.577696088805166,-96.96428229934742,-124.8820143905222,-1022.350832814066,-0.0001177247340071946,0.0009637575149829104,-0.0002620716763854281,2.507380110430526e-10,0.5130133335318255,0.01697378565056532,-0.5127324555575985,0.0004921515228184688,1.628354257073469e-05,-0.0004918820668146836
622300.2851691595,-6.619030973531251,-96.98911720235805,-124.9627973455562,-1019.340909459232,-0.0001184850321947866,0.0009665007749527232,-0.0002606991324005663,2.509000093118623e-10,0.5123968521293727,0.01691106745230528,-0.5121177109510213,0.000492958456129642,1.626952559944263e-05,-0.0004926899045104225
623734.8354824191,-6.663819730661223,-97.01414373289612,-125.015510491145,-1016.09593494638,-0.0001192805235680839,0.0009694833436239156,-0.0002592715389661052,2.511223794346568e-10,0.5116442565264747,0.01684265345395313,-0.5113669624263569,0.0004937527520296468,1.625368874621712e-05,-0.0004934851545274598
625172.6927756859,-6.707293615126662,-97.05741024726306,-125.4382662927921,-1013.218515560401,-0.0001203421933256557,0.0009720553550707839,-0.0002579427045472864,2.512563312915257e-10,0.5109836702962911,0.01661519894645221,-0.5107134680752393,0.00049444225206555,1.607733644567822e-05,-0.0004941807967540476
626613.8646723352,-6.754224482585272,-97.09507449600228,-125.7171330252711,-1010.025346360515,-0.0001213537382755643,0.0009749693505123247,-0.0002565384131827952,2.51470971273374e-10,0.510294581909345,0.0164376224030625,-0.5100297686368586,0.0004952686253428553,1.595360589761457e-05,-0.0004950116096697785
628058.358813318,-6.797793436031463,-97.12655277808271,-125.9016570052625,-1006.993853548195,-0.0001222479294328758,0.0009777704001366233,-0.0002551801870102789,2.516479007804788e-10,0.5097964903736795,0.0163219647593817,-0.509535136240588,0.0004962130476495178,1.588706872215646e-05,-0.0004959586572538483
629506.1828571975,-6.847895123710703,-97.17654908245649,-126.3892883143115,-1003.778116237818,-0.0001234819359123394,0.0009806880525448126,-0.00025378026986426,2.518734601621808e-10,0.5091158684652586,0.01603662378390214,-0.5088632372462645,0.000497055863796354,1.565674609851328e-05,-0.0004968092169394065
630957.3444801933,-6.902012170396942,-97.22246007165347,-126.7575516815759,-1000.235901815616,-0.0001246951762405611,0.0009839618263719064,-0.0002523030905727609,2.521840951669615e-10,0.5084639759567499,0.01578950565744446,-0.5082187583677327,0.0004980989824892706,1.546763797215527e-05,-0.0004978587636392564
632411.8513762193,-6.94735347865805,-97.23593283454818,-126.5676495313594,-996.8579571127384,-0.0001253461318514152,0.000987237176261431,-0.0002508727043772584,2.524566713929409e-10,0.5076443505952055,0.01582549450509831,-0.507397615696898,0.0004989381248415385,1.555408337314489e-05,-0.0004986956215075603
633869.711256927,-6.997582041137623,-97.26529480665901,-126.6432749677768,-993.3792077963006,-0.0001262845297177632,0.0009905652401983377,-0.0002494222526771105,2.527580906461042e-10,0.5067406744138471,0.01571858917343838,-0.5064968282820705,0.0004997331377253311,1.550122239021738e-05,-0.0004994926636550469
635330.9318517436,-7.045274777870306,-97.27865822999576,-126.4293450036572,-989.8607393279574,-0.0001269614834249937,0.0009940270421048458,-0.0002479671958950131,2.530731276318885e-10,0.5059663095075544,0.01575756263272921,-0.505720877141304,0.0005006996241084252,1.55935396069186e-05,-0.0005004567464874919
636795.5209079159,-7.090809556951193,-97.29116050366864,-126.2177990945242,-986.4915950067189,-0.0001276091729731751,0.0009973662786618596,-0.0002465548335517127,2.533534031332861e-10,0.5051056875973609,0.01580162963983837,-0.5048584595150685,0.0005015123701275348,1.568921698397097e-05,-0.0005012669008236703
638263.4861905486,-7.135116310987444,-97.29877704737663,-125.9228639668555,-983.1482316073207,-0.0001281739819478227,0.001000723933051896,-0.0002451540848533624,2.53630296414777e-10,0.5042101206377613,0.01588772625851064,-0.5039597463169855,0.0005022881862955191,1.582716585825974e-05,-0.0005020387663447288
639734.8354826482,-7.180681588147061,-97.30531316002302,-125.5965715916307,-979.7137714896948,-0.0001287359822452509,0.001004202687172152,-0.0002437358119323764,2.539340380307885e-10,0.5033026690354038,0.015982921397679,-0.5030488275324343,0.0005031054073015925,1.597665713766163e-05,-0.0005028516652878927
641209.5765851615,-7.225780069668071,-97.30455295978751,-125.1352327463494,-976.2178019041428,-0.0001291838516564456,0.001007802302659203,-0.0002423074987974914,2.54257287003069e-10,0.5022414421974706,0.01613706873448507,-0.5019821324243062,0.0005038141002574271,1.618759839826256e-05,-0.0005035539785130264
642687.7173170197,-7.268977098719317,-97.29662776149539,-124.5551666452993,-972.7594469974933,-0.0001295055242103314,0.001011421087594979,-0.0002408937813146685,2.545743681188724e-10,0.5013841729112352,0.01636011154565133,-0.5011171874882133,0.0005047217659600067,1.646901684725836e-05,-0.0005044530032796637
644169.2655151772,-7.309009240757284,-97.27849359564378,-123.8105346008106,-969.3792961973824,-0.0001296411086709485,0.001015029997947118,-0.0002395046069100621,2.548745028861937e-10,0.5003350776397338,0.0166654345812723,-0.500057449906484,0.0005054127869364203,1.683456570137253e-05,-0.0005051323416655141
645654.2290346556,-7.348078514251375,-97.25794375189957,-123.0316749136734,-966.038102275986,-0.0001297301062809877,0.001018633825538687,-0.0002381301512145514,2.551678036943256e-10,0.499297784715076,0.01699116185096346,-0.499008595357171,0.000506102769232599,1.722273626781475e-05,-0.0005058096384810739
647142.6157485831,-7.380795293937509,-97.21793226753086,-121.9429187353696,-962.8539897667447,-0.0001294568697708724,0.00102218369753884,-0.0002367993827293643,2.55422821114148e-10,0.4981451765214384,0.01748087312533717,-0.4978383632930982,0.0005066192398519553,1.777824431935588e-05,-0.0005063072073525068
648634.4335482385,-7.409917509649207,-97.15485907769761,-120.455933364992,-959.5862926993524,-0.0001287864205119025,0.001025949327332619,-0.0002354529668905873,2.557031605398441e-10,0.49680760496299,0.01816165937630701,-0.4964755285789636,0.0005070197594810629,1.853498230857024e-05,-0.0005066808570836833
650129.6903430906,-7.432119301731865,-97.07031925308424,-118.6326797545643,-956.4794746098859,-0.0001277094091523723,0.001029660872716654,-0.0002341508757579851,2.559437193817584e-10,0.4955361443668143,0.01902692049668248,-0.4951707247711047,0.0005074280038369335,1.948352788499881e-05,-0.000507053814914245
651628.3940608427,-7.444576243587587,-96.96964825374279,-116.5987109466056,-953.7970947909765,-0.0001262814473214253,0.001033003509244041,-0.0002329571942018525,2.560732045622378e-10,0.4944145896605839,0.0200329500502316,-0.4940085701498796,0.0005077827966349957,2.057461008247984e-05,-0.0005073657989837424
653130.5526474724,-7.437885257958756,-96.84283540700446,-114.2440087469255,-952.0246984752318,-0.0001242589414373043,0.001035481707550679,-0.0002319895097445963,2.559598907706885e-10,0.4932689232730645,0.02125834897804837,-0.492810626169623,0.0005076548487445232,2.18783374054871e-05,-0.0005071831856501124
654636.174067275,-7.417899800421615,-96.72318210214759,-112.1362741499017,-951.2489153500846,-0.0001222261606935421,0.001036841144121775,-0.0002312673405261766,2.555794652112869e-10,0.4923415091629902,0.02242660430516354,-0.4918304678079942,0.000507208947214375,2.310382965383825e-05,-0.0005066824737344297
656145.2663029054,-7.402782816981137,-96.66333183010639,-111.1004904932474,-951.0054786829909,-0.0001211888913245494,0.00103736085316535,-0.0002306763922762174,2.550569210553514e-10,0.4918856937634972,0.02310037527941312,-0.4913429641209358,0.0005069004475879929,2.380551155898263e-05,-0.0005063411511859596
657657.8373554206,-7.397990370083813,-96.65552368994781,-110.9467185864428,-950.8134735881473,-0.0001210738914587546,0.001037603353803019,-0.0002300993855535046,2.545216935660745e-10,0.4919113729333848,0.02335020790624337,-0.4913568627911314,0.000507006428208628,2.406674486478387e-05,-0.0005064349020718103
659173.8952443212,-7.409059222537207,-96.6908609820498,-111.4658020637347,-950.1710800746383,-0.0001217873125546335,0.001038155023037983,-0.0002294150682663075,2.541079916698407e-10,0.4917143790725587,0.02321991849898725,-0.4911658232935313,0.0005070783751250363,2.394544281013344e-05,-0.0005065126792964552
660693.4480075961,-7.433768724565882,-96.74242176572315,-112.1758514192931,-948.8441558980672,-0.0001228801025727001,0.001039386514361759,-0.0002285677844852763,2.538781030199455e-10,0.4916009729963039,0.02295500258327999,-0.4910647457385984,0.000507585361327195,2.37013836841785e-05,-0.0005070316986590823
662216.5037017618,-7.451897222555068,-96.77379759150961,-112.5634586080137,-947.6714968540255,-0.0001235940009506574,0.001040537607243962,-0.0002277602601392437,2.536076285907498e-10,0.4914603889318208,0.02286229552204734,-0.4909283342123157,0.000508003751635061,2.363187788426364e-05,-0.0005074537870811094
663743.0704019089,-7.478252654629406,-96.8331461916636,-113.4006361403095,-946.3494553463792,-0.0001248304908878542,0.001041733724634285,-0.0002269194217266904,2.533778199228037e-10,0.4912632180193804,0.0225278248478515,-0.4907464177010178,0.0005084149341282208,2.331434995733932e-05,-0.0005078800905043137
665273.1562017413,-7.507864248368142,-96.90392509469731,-114.4203677551656,-944.9761793143118,-0.0001262817609986194,0.001042937183010156,-0.0002260689893165606,2.5316243870368e-10,0.4912867607350966,0.02210606937684088,-0.4907891634605335,0.0005090706742217747,2.290627906443761e-05,-0.0005085550646016952
666806.7692136222,-7.54925546320929,-96.98892401727161,-115.6040199201032,-943.0262376272044,-0.0001280699982481862,0.001044715994170265,-0.0002250836285911174,2.531024537034294e-10,0.49110832869027,0.02155397428375649,-0.490635115642496,0.0005098139351645307,2.237493401372792e-05,-0.0005093226981156698
668343.9175686146,-7.593644864295759,-97.09022281132823,-117.0594390938555,-941.1186421690047,-0.0001301517684900993,0.001046376580867509,-0.0002241116886079126,2.530321789704922e-10,0.4909585548021063,0.02086433046746945,-0.4905150173516781,0.0005105478972119126,2.169682133595703e-05,-0.0005100866625304186
669884.6094165265,-7.645000448849585,-97.17780618841263,-118.1990069381375,-938.5651253774853,-0.0001320843033052517,0.001048822015543448,-0.0002229895671847123,2.531370523797047e-10,0.4906005558972241,0.02028424437116934,-0.4901810429595946,0.0005114334391722324,2.114559540354535e-05,-0.000510996112019032
671428.8529259522,-7.704419778575037,-97.27714919719941,-119.4820003493447,-935.663570165825,-0.0001342883271449484,0.001051611918453521,-0.0002217889231509157,2.533380427800079e-10,0.4903475031696069,0.01960901539259318,-0.4899552636516937,0.0005126095328911277,2.049927481200063e-05,-0.0005121994854966591
672976.656284318,-7.75178010595358,-97.32983640306485,-120.001266064384,-932.9016566870716,-0.0001356397408029454,0.001054476698935671,-0.0002206256468094161,2.535036795049191e-10,0.4897683399478955,0.01932075225155636,-0.4893871017382369,0.0005134266337151122,2.025404253450842e-05,-0.0005130269797671875
674528.0276979218,-7.807192701038166,-97.40360943254004,-120.8361298171279,-929.9279928917797,-0.0001374125581796584,0.001057496500587376,-0.000219416585687871,2.537294105325084e-10,0.48930359083289,0.01885802721116551,-0.4889400564605678,0.0005144610689427366,1.982761013605726e-05,-0.0005140788434997066
676082.9753919819,-7.862152286650622,-97.47230110536027,-121.576367870511,-926.9267088512526,-0.0001391075440015577,0.001060588502488241,-0.000218205417037822,2.539655067630949e-10,0.4886518799964784,0.0184328034626632,-0.4883040974440001,0.0005153255694482494,1.943898167544763e-05,-0.0005149588027391939
677641.5076106749,-7.908091007188602,-97.51470010657636,-121.907501728046,-924.1471462670343,-0.0001402994415316587,0.00106357136908263,-0.0002170507337888319,2.541434989791097e-10,0.488105241434972,0.01823674879766563,-0.4877644387504927,0.0005162136862400164,1.928694577054722e-05,-0.0005158532578014314
679203.6326171847,-7.95966270073809,-97.57301796442917,-122.4785528344468,-921.2431912733963,-0.0001418084624554902,0.001066636382278737,-0.000215871059340391,2.543582571440951e-10,0.4873776018194047,0.01789947089539655,-0.4870488021717116,0.0005169656758951837,1.898612499848454e-05,-0.0005166169152392379
680769.3586937415,-8.012962404298955,-97.61847309918741,-122.7964677164232,-918.0587310861163,-0.0001431343058368971,0.001070109764842521,-0.0002146300846756541,2.546535098555361e-10,0.4868172522951932,0.01767876971801014,-0.4864961441095904,0.0005180738359382692,1.881385263011408e-05,-0.0005177321106837058
682338.6941416697,-8.062064309953497,-97.6565754917569,-123.0135989282643,-915.0507995930003,-0.000144305887732542,0.001073435938027014,-0.0002134348516151717,2.549029882598142e-10,0.4859806744421826,0.01751133726008188,-0.4856650790397044,0.0005188033606172494,1.869403681506553e-05,-0.0005184664501925931
683911.6472814293,-8.108548868348979,-97.68051689832646,-122.9940185907077,-912.0189514178426,-0.0001452274568811702,0.001076883205049221,-0.0002122384154278143,2.551621593270047e-10,0.4852182596872516,0.01746727747842788,-0.4849037572048878,0.0005196479839123789,1.870670640456449e-05,-0.0005193111652176308
685488.2264526617,-8.152194224701253,-97.69515775040925,-122.8294150030404,-909.0445460866927,-0.0001459736804230027,0.00108033224824402,-0.0002110596906224422,2.554082762778342e-10,0.4843100089081953,0.01749699304241696,-0.4839938428979545,0.0005203200559634731,1.879795220327282e-05,-0.0005199803819672385
687068.4400142321,-8.191742636261353,-97.71229014082731,-122.7443779807878,-906.3727079060761,-0.0001467220351215897,0.001083429241080685,-0.0002099553528377035,2.555720236521171e-10,0.4836589838651685,0.0175151856996232,-0.4833417330868451,0.0005210967033695221,1.887095212010585e-05,-0.0005207548957318254
688652.2963442762,-8.228966040047526,-97.71713839623862,-122.4575015779773,-903.6793304661019,-0.0001472495962762393,0.001086633443109918,-0.0002088500004678013,2.557441938403685e-10,0.4829197791657466,0.01763393754377481,-0.4825977179351304,0.0005218102296927586,1.905403215416189e-05,-0.000521462232257215
690239.8038402419,-8.270914585295378,-97.74236384051603,-122.4966208542364,-900.9868057278201,-0.0001481606095807981,0.001089750504381145,-0.0002077488185908058,2.559185111682004e-10,0.4821585840329223,0.01758047256818748,-0.4818379677245369,0.0005224784348253789,1.905061549270253e-05,-0.0005221310074176086
691830.9709189367,-8.308639803494538,-97.75137867317866,-122.2800751381529,-898.3352262685169,-0.0001487667089352626,0.001092920289602306,-0.0002066610166704482,2.560835618251349e-10,0.4813006208799244,0.01766005211838989,-0.4809765173255098,0.000523041766774026,1.91916329641064e-05,-0.0005226895551034722
693425.8060165691,-8.348854240254862,-97.78601664743069,-122.5002821916453,-895.8999450243944,-0.000149821227115452,0.001095710366823752,-0.000205626764290025,2.561890844826869e-10,0.4808112191233069,0.01753837029189451,-0.480491242378407,0.0005238516152833078,1.910833866064496e-05,-0.0005235029954341817
695024.317588797,-8.394271022378316,-97.80616846705905,-122.4160527559264,-892.9440014884619,-0.0001506965734752378,0.001099231663659931,-0.0002044769487119255,2.564459870510344e-10,0.4800308133365112,0.01752803757615541,-0.4797106937011529,0.0005246717687101058,1.915807531849367e-05,-0.0005243218792225646
696626.5141107687,-8.435273873186469,-97.81772133409537,-122.2155834054094,-890.1478398102111,-0.0001513880958945645,0.001102623599860533,-0.0002033678390338168,2.566598814901684e-10,0.4790691574531685,0.01758327570486947,-0.4787463692169114,0.0005252151464175612,1.927697197817652e-05,-0.0005248612658386718
698232.4040771715,-8.475821971140787,-97.83308592865366,-122.0864983342062,-887.4416191499745,-0.000152140719911224,0.001105904491150686,-0.0002022832506318099,2.568504549337131e-10,0.4783293866933486,0.01761494046027912,-0.4780049330781178,0.0005259478525604532,1.936853633875402e-05,-0.0005255910990618531
699841.9960022735,-8.509487990462507,-97.8197060939147,-121.5065833422378,-884.7564571787996,-0.0001523483031637326,0.001109332031703092,-0.0002012073645149202,2.570374421186388e-10,0.4774640699502363,0.01788155956614877,-0.4771291103264675,0.0005265703800853251,1.972064540531125e-05,-0.0005262009704742112
701455.2984199714,-8.546359089692109,-97.82748013796463,-121.2748372417854,-882.180953663596,-0.0001529411837485253,0.001112529213827927,-0.0002001602379985474,2.571949603863829e-10,0.4766953946725739,0.01797530238616133,-0.4763563663961752,0.0005272112097834877,1.988016041929965e-05,-0.0005268362543932142
703072.3198838334,-8.571084361326019,-97.79724319496232,-120.4761897439199,-879.8124649991731,-0.000152775247172222,0.001115685739158546,-0.0001991637258904173,2.572942145945951e-10,0.4757958123604941,0.01837950304110942,-0.4754406891797802,0.0005276344636135836,2.038197684100762e-05,-0.0005272406492417355
704693.068967147,-8.599407635407632,-97.79349936276955,-120.1153119008799,-877.6036733444837,-0.0001530880429153763,0.001118513757167941,-0.0001982068063945883,2.573485343878012e-10,0.4750070362799015,0.01856734892569884,-0.4746440119387234,0.0005280534180016842,2.064085648126645e-05,-0.0005276498529394101
706317.554262962,-8.626274333069881,-97.78872789207986,-119.7493020197641,-875.4721389648292,-0.0001533691430694605,0.001121262583326479,-0.0001972706435151301,2.573817811556663e-10,0.4742344396029415,0.01876400962270578,-0.4738630768992188,0.0005284471176706709,2.090903986088761e-05,-0.0005280333021946018
707945.7843841381,-8.648638338625695,-97.78424399972717,-119.4263910110171,-873.6205559764032,-0.0001536079079884133,0.001123663076838941,-0.0001964006749348612,2.573340691123484e-10,0.4737581699312455,0.01896982258674425,-0.4733782308129836,0.0005290037245814303,2.118191820205022e-05,-0.0005285794802698147
709577.7679633888,-8.676204626754773,-97.79357724486235,-119.3019363746023,-871.6520537443247,-0.0001541348265501142,0.001126150523609891,-0.0001955074401609063,2.573220329710482e-10,0.4731920835039858,0.01905792682303317,-0.4728081464146435,0.0005295156514065997,2.13263722871913e-05,-0.0005290860146796773
711213.5136533292,-8.705885832436381,-97.81160375494348,-119.3110822766242,-869.6821887519951,-0.0001548323793322235,0.001128603981943003,-0.0001946169702932934,2.573117129241465e-10,0.4725396682903638,0.01907103556349391,-0.4721546713848154,0.0005299228284052673,2.138693909653769e-05,-0.0005294910791515938
712853.0301265195,-8.736748169478298,-97.83331506129154,-119.3737394533795,-867.6969881502256,-0.0001556071522816295,0.001131068340387664,-0.0001937261383956634,2.573072609068861e-10,0.4719466704930808,0.01905651733186681,-0.4715617763736633,0.0005304032653988006,2.14169092651734e-05,-0.0005299706972496101
714496.3260755135,-8.7678618928767,-97.85119061089483,-119.3667966022351,-865.6462081776723,-0.0001563227868434511,0.001133650491884492,-0.00019282376685821,2.573236485897757e-10,0.4714093068326135,0.01907616261989355,-0.4710231783979473,0.000530993618976809,2.1487315754935e-05,-0.0005305586854022242
716143.410212902,-8.801962917126456,-97.88583981912872,-119.624912337538,-863.6580705809301,-0.0001573566058861044,0.001136070238022745,-0.0001919384429346351,2.573228162966095e-10,0.470776060491875,0.01895452176215834,-0.4703943295119717,0.0005314183786825277,2.139612029767329e-05,-0.0005309874755940802
717794.2912713619,-8.837322884555423,-97.92283256295748,-119.9114136350733,-861.6327143410268,-0.0001584474743242333,0.001138536551640961,-0.0001910479189994259,2.573344628174001e-10,0.4702993525694854,0.01882059491106746,-0.4699226172833891,0.0005320420004909868,2.129143259969802e-05,-0.0005316158059955552
719448.9780036994,-8.873670862043854,-97.96630534546584,-120.2997966481245,-859.6453995148455,-0.0001596626719023658,0.001140926960804274,-0.0001901688915017006,2.573361435378346e-10,0.4698615555711309,0.0186357558746363,-0.469491842321785,0.0005326804662067291,2.112729379476388e-05,-0.0005322613235386618
721107.4791828997,-8.919530831260372,-98.02320066215556,-120.8381936977851,-857.2894611396744,-0.0001612149462427294,0.00114374329971985,-0.0001892115382793856,2.574498521573455e-10,0.469336178705677,0.01833832560970118,-0.4689777760788668,0.0005334337769303703,2.084280465984779e-05,-0.0005330264269847336
722769.8036021702,-8.959831366354345,-98.0773323398822,-121.3723281852088,-855.2318264926188,-0.0001626641906933209,0.001146188715267192,-0.0001883232697290866,2.574757176801745e-10,0.4690062158586901,0.01807204193431521,-0.4686579048884298,0.0005342307278284621,2.058531377508355e-05,-0.0005338339773870803
724435.9600749902,-9.008684520236267,-98.12568181322439,-121.7322993156114,-852.5959495326725,-0.0001641175184283369,0.001149456079003095,-0.0001873110492944145,2.576777184998824e-10,0.4682661291574945,0.01783815852849361,-0.4679262418549056,0.000534933108914166,2.037777452774391e-05,-0.000534544831906428
726105.9574351547,-9.061549019040672,-98.18884135117388,-122.3099729637785,-849.944938936448,-0.0001658741406765489,0.001152676948184894,-0.0001862991716326132,2.578869343250771e-10,0.4676389637592057,0.01748878900923672,-0.467311825962894,0.0005357586315532386,2.003633228461394e-05,-0.0005353838405035955
727779.8045368242,-9.10459800711314,-98.22033800026297,-122.423791402795,-847.4313341891655,-0.0001669884155313041,0.001155912704110199,-0.0001853210063351535,2.580569817473575e-10,0.4670180868404235,0.01739883113390301,-0.4666938762307293,0.0005365519772223859,1.998932698605289e-05,-0.000536179495195309
729457.5102545688,-9.154843498495749,-98.26660180572958,-122.7278997435899,-844.7159374206914,-0.000168441799335661,0.001159357185480415,-0.0001843023274955241,2.582911009657243e-10,0.4662825527144234,0.01718510843396612,-0.4659657616327533,0.0005373260633503909,1.980345738719506e-05,-0.000536961005503325
731139.0834834176,-9.200765080717821,-98.30024721796879,-122.8504204169714,-842.0835856073694,-0.0001696367451851693,0.00116278249721445,-0.0001833054314473666,2.585026084386214e-10,0.4655797612168275,0.01707604045871098,-0.4652665073879385,0.0005381070274067264,1.97361185698848e-05,-0.0005377449754003276
732824.533138904,-9.249627127602205,-98.33886023286628,-123.0309652843122,-839.3608443788278,-0.0001709562994281677,0.001166324457491708,-0.0001822925153016901,2.587446780516613e-10,0.4650085015025808,0.01693214280422816,-0.46470012805005,0.0005390964682691019,1.962987419905662e-05,-0.000538738962893114
734513.8681571151,-9.293015945540279,-98.36517764045661,-123.0466643760881,-836.789200296213,-0.0001720074382932167,0.001169751065290576,-0.0001813160286370099,2.58942934354231e-10,0.4642772535624249,0.01688273973941136,-0.4639701943814489,0.0005398256723268281,1.962994366106975e-05,-0.0005394686476663637
736207.0974947361,-9.339274608644102,-98.39507747551541,-123.0976844218767,-834.1117577344761,-0.0001731586296487733,0.001173325474167595,-0.0001803201976539767,2.591766598275819e-10,0.463510868212975,0.0168035795812439,-0.4632061794328771,0.0005405819253069587,1.959762332455973e-05,-0.0005402265738822989
737904.2301291011,-9.386311980356748,-98.4254015939289,-123.1478627107924,-831.4049679773995,-0.0001743317235318519,0.001176961238546465,-0.0001793216585052121,2.594224260244392e-10,0.4626746057498689,0.01671904860468521,-0.4623724302113511,0.000541279767572223,1.955949738824687e-05,-0.0005409262545347183
739605.2750582378,-9.42908907544162,-98.44602007701626,-123.0687051018389,-828.8126517866302,-0.0001752924888044396,0.001180516463255734,-0.0001783513921240721,2.596353125008721e-10,0.4618512470062051,0.01671377180924554,-0.4615487235309996,0.0005419360680652622,1.96119331398511e-05,-0.000541581087140748
741310.2413009177,-9.475362257127649,-98.46592332743543,-122.9472990344357,-826.0199110500791,-0.0001762875019662648,0.001184385406080613,-0.0001773416103158658,2.599139656803472e-10,0.4609923344526053,0.01671327925572995,-0.4606892648202069,0.0005426872997414025,1.967513060685954e-05,-0.0005423305214868677
743019.1378967013,-9.518908634974864,-98.47944705197455,-122.7411016701957,-823.3000260214152,-0.0001771441367126435,0.001188214627215411,-0.0001763511356651101,2.601728668642614e-10,0.4602116353882197,0.01676713050029242,-0.459906091155016,0.0005434969457982315,1.980150764554653e-05,-0.0005431361066868683
744731.9739059892,-9.557889827334522,-98.48449745661294,-122.4311964011414,-820.7252546509773,-0.0001778025988102373,0.001191910946520629,-0.0001753952908896411,2.603888204543789e-10,0.4592100932963642,0.01688089172957898,-0.4588997115706979,0.0005439661231565207,1.999658405512829e-05,-0.0005435984545306041
746448.7584100665,-9.592610629319177,-98.48819482729479,-122.1348079987447,-818.376493613614,-0.0001783883150262792,0.001195308742404931,-0.000174491099089305,2.605355464296618e-10,0.458550534101437,0.01701790963534974,-0.4582346375781257,0.000544696072144769,2.021497707478207e-05,-0.0005443208297610936
748169.5005111545,-9.632358794054781,-98.48517766659189,-121.6850192774734,-815.6568512797398,-0.0001789213661979032,0.001199313103997407,-0.0001735112426518997,2.608030362756977e-10,0.4574104563658201,0.01719043483947984,-0.4570873161036274,0.0005451150717870695,2.048655642030099e-05,-0.0005447299720920998
749894.2093324559,-9.669959225340799,-98.49787554983725,-121.5153855581542,-813.2847109125154,-0.0001797038497207079,0.00120273159484013,-0.0001726087230330981,2.60962151138492e-10,0.4567764427544223,0.01725635689258274,-0.4564503661978812,0.0005458862431367872,2.062279695843267e-05,-0.0005454965542435688
751622.8940182052,-9.703079599049001,-98.48403239938131,-120.9429001180176,-810.7934645859607,-0.0001799710112897216,0.001206514145321821,-0.0001716842165698238,2.611619437359367e-10,0.4558069979917081,0.01752068875273195,-0.4554701361053685,0.0005463779459094606,2.100213023015241e-05,-0.0005459741480162198
753355.5637337174,-9.73616392550729,-98.47866799272046,-120.5126722941263,-808.4279510778754,-0.0001803868436879768,0.001210078273662044,-0.0001707896121587218,2.613237074482637e-10,0.455016531408514,0.01772385677579701,-0.4546712095086143,0.0005469906017042539,2.130644144357306e-05,-0.0005465754786905404
755092.2276654337,-9.766772723232211,-98.47403763133251,-120.1160267264498,-806.2139346881945,-0.0001807863358314541,0.001213430606395865,-0.0001699301465357495,2.614386735323029e-10,0.4542741496246305,0.01792270007691946,-0.4539204554094626,0.0005475607941878791,2.160318366391387e-05,-0.0005471344677382737
756832.8950209745,-9.795540422704297,-98.4690204997389,-119.7290457970463,-804.0996165969177,-0.0001811575275859895,0.001216652964247822,-0.0001690946965461255,2.615232330995495e-10,0.4533400993258001,0.01811660317884349,-0.4529779623182419,0.0005478350215532916,2.18928563957045e-05,-0.0005473974001391791
758577.5750291835,-9.827650782746083,-98.46167318122072,-119.277329988248,-801.7716969518468,-0.0001815305056580436,0.001220232055700078,-0.0001682173755217512,2.616793246794459e-10,0.4525015234038525,0.01833221158396019,-0.4521300241094902,0.0005483756931241825,2.221636550134043e-05,-0.0005479254820806736
760326.2769401819,-9.85787828352545,-98.45811066489436,-118.9040748377293,-799.6042986154309,-0.0001819481656821639,0.001223562233701403,-0.0001673767966488234,2.61785152584926e-10,0.4518979963129864,0.01852712621627782,-0.4515180446735856,0.0005490894506668884,2.25118270926924e-05,-0.000548627781355095
762079.0100254118,-9.885042825936727,-98.43427463912296,-118.2258805505614,-797.3233845241652,-0.0001819694133165803,0.001227214107687722,-0.0001665154875287136,2.619302334625839e-10,0.4507782960751861,0.01885981124594692,-0.4503835917661915,0.0005492851888988517,2.298117516531625e-05,-0.0005488042313354264
763835.7835776907,-9.906877315751236,-98.41217463562644,-117.6214028169623,-795.3610929176996,-0.0001819542156504039,0.001230382399416664,-0.0001657236440114342,2.619725509674499e-10,0.4499705087830739,0.01919070157162851,-0.4495610923419498,0.0005496402264278179,2.34414952785798e-05,-0.0005491401231076885
765596.6069112562,-9.919131938642389,-98.37801855097729,-116.9003156293971,-793.7544611800324,-0.0001816034916014523,0.001233089755561567,-0.0001650084978925326,2.618990677039651e-10,0.4492520478417712,0.01961900203440663,-0.4488234588891261,0.000549876729940705,2.401331888236414e-05,-0.0005493521444816039
767361.4893618189,-9.935483179113028,-98.35339397775216,-116.3027633005521,-792.0584519390037,-0.0001814727135613465,0.001235886340904232,-0.0001642772273451532,2.618562228028552e-10,0.4483815218009409,0.01996491008170641,-0.4479368163680644,0.0005499759065288825,2.44885638392315e-05,-0.0005494304396403225
769130.4402866095,-9.950090950001428,-98.34890009044328,-116.0458533692626,-790.7402935670341,-0.0001816802224799399,0.001237975061478274,-0.0001636266357839549,2.616894786886939e-10,0.4479039470484287,0.02017034642394702,-0.4474495534769251,0.0005502668354482225,2.478002877567773e-05,-0.0005497085958651891
770903.4690644301,-9.969578147758821,-98.36609785634508,-116.1001478747179,-789.4607382312366,-0.000182338830336335,0.00123987221584659,-0.0001629861375756462,2.615107795176597e-10,0.4476280472672832,0.02021559436079141,-0.4471713300793791,0.0005507492200582867,2.487271049075376e-05,-0.0005501872878099368
772680.5850957021,-9.992725536821629,-98.39357728601941,-116.2902169406142,-788.1271287279732,-0.0001832300607977786,0.001241794757223217,-0.0001623365860892486,2.613508125626705e-10,0.4470667918519586,0.02016811321319675,-0.4466116473920291,0.0005509045976360153,2.485245269228798e-05,-0.000550343739213664
774461.7978025188,-10.01687774293055,-98.43136240595102,-116.6371576644515,-786.8845921970395,-0.0001843215995266832,0.001243513041477906,-0.0001617078761616895,2.611614613489107e-10,0.4469407092427939,0.02006039898944628,-0.4464902887755073,0.0005515189321567015,2.475426740168928e-05,-0.0005509631192490782
776247.1166286917,-10.05309082181191,-98.50469839673374,-117.4579718099754,-785.4890178296362,-0.0001862079118213177,0.001245247704474771,-0.0001610498219625383,2.61023743723874e-10,0.4467324908934626,0.01967256873861097,-0.4462991244211692,0.0005520897722495834,2.431214253689498e-05,-0.0005515542007344903
778036.5510398041,-10.10719851571138,-98.6104250411331,-118.6523867170262,-783.5880246406778,-0.0001889102751779452,0.001247575657403708,-0.0001602905510062567,2.610551958267883e-10,0.4465263771438582,0.01903338027104155,-0.446120539675856,0.0005529735244628342,2.357073604081483e-05,-0.000552470939651438
779830.1105232586,-10.17293899394831,-98.72152213178208,-119.8332467861061,-781.1512173908186,-0.0001918691206324489,0.001250728000629628,-0.0001594245668028646,2.612672762506981e-10,0.4459760276081649,0.01833919324830268,-0.4455988007077219,0.0005538041722104687,2.277324588577985e-05,-0.0005533357393387384
781627.8045883297,-10.23856920825271,-98.8107856360226,-120.6577506534524,-778.4323751842566,-0.0001944476780846135,0.001254493532994919,-0.0001585042902082927,2.615768114832434e-10,0.4454348238758823,0.01781700097715647,-0.4450783490549932,0.0005548834360951046,2.219484915231772e-05,-0.0005544393711884248
783429.6427662116,-10.30579851255438,-98.88627758800941,-121.2425278347996,-775.4536256260322,-0.0001968133150874445,0.001258795914944887,-0.0001575346028791316,2.619776854001419e-10,0.444753533576617,0.01739778639930426,-0.4444131216079147,0.000556001306011518,2.174955616863291e-05,-0.0005555757455945869
785235.6346100719,-10.36077610484887,-98.92242918327945,-121.2938947644852,-772.5877923634567,-0.000198320929521263,0.001263215509863931,-0.0001565914239082621,2.623446971204655e-10,0.4438519718040717,0.01727627908614416,-0.443515617600215,0.000556829559292439,2.167376395929889e-05,-0.0005564075898634457
787045.7896950984,-10.41279511946058,-98.95267155078997,-121.2735847619273,-769.8063001189934,-0.0001996900759843589,0.00126756934633188,-0.0001556688054130682,2.626870543632123e-10,0.4430035268493954,0.01720324572911543,-0.4426693722603662,0.000557678809390391,2.165645421402025e-05,-0.0005572581560048808
788860.1176185545,-10.45994420009156,-98.96701282595575,-121.0388789334767,-767.0674175062662,-0.0002007135683688384,0.001271994915218684,-0.0001547581991461365,2.630186812351369e-10,0.4420330063682383,0.01724863089636945,-0.441696347563735,0.0005583734739150483,2.178836832347522e-05,-0.0005579482085084239
790678.6279998249,-10.50649043782831,-98.98806781464981,-120.9157279462544,-764.4622150253706,-0.0002018548694847155,0.001276181546113933,-0.0001538778664551106,2.633080320409851e-10,0.4410807372555767,0.01724313339316074,-0.440743566179597,0.0005589881952862627,2.185248006180381e-05,-0.00055856089335411
792501.3304804718,-10.54128500429677,-98.98508652704066,-120.5076574340441,-762.1392722489413,-0.0002024051667904191,0.001280092317797359,-0.0001530574496693135,2.635031375131237e-10,0.440333966139625,0.01743054132393277,-0.4399888384554853,0.0005596983003995317,2.215555715489708e-05,-0.0005592596165979451
794328.2347242814,-10.58562491249097,-99.00195991189899,-120.3360779210634,-759.6039232463456,-0.0002034494883536963,0.00128424519234625,-0.0001521974341232076,2.63774575327018e-10,0.439288672991987,0.01745355288511637,-0.4389418090256923,0.0005601579915565799,2.225585982689718e-05,-0.0005597156887278281
796159.3504173188,-10.62428798943375,-99.01294375768687,-120.1177576999507,-757.2863854035015,-0.0002043128447837888,0.001288097103047117,-0.0001513841060963311,2.639732883710296e-10,0.43857739297235,0.01753503519538612,-0.4382267132057557,0.0005608959268340407,2.242552848273165e-05,-0.0005604474430410828
797994.6872679765,-10.66789783440857,-99.02928456126422,-119.9432265314722,-754.7946752755068,-0.00020534659009296,0.001292232310821477,-0.0001505389766450889,2.642355847451007e-10,0.4377691930763096,0.01757177585716843,-0.4374163909822181,0.0005616352894559951,2.254368186679678e-05,-0.0005611826625709387
799834.2550070285,-10.70963144850973,-99.03084133852194,-119.5518418411145,-752.1998547783178,-0.0002060893046297069,0.001296678851839469,-0.0001496764164969692,2.64537281601939e-10,0.4366719008443585,0.01770960504700016,-0.4363126389140069,0.0005621076114806599,2.27967583304226e-05,-0.0005616451501563215
801678.0633876791,-10.74467095282814,-99.02517979548722,-119.1028334867322,-749.8527317796651,-0.000206609100711303,0.001300778445343779,-0.0001488662024122052,2.64754989625668e-10,0.4357390998143585,0.01790851743053064,-0.4353709316324046,0.0005626210609152774,2.312326132880323e-05,-0.000562145686607086
803526.1221856172,-10.77965907093018,-99.01679680106071,-118.6130063873815,-747.4747481560605,-0.0002070802822859531,0.00130497730867941,-0.0001480528108803978,2.649864128549171e-10,0.434819466942183,0.01812800540065898,-0.4344414163636772,0.0005631822378294925,2.347956203691719e-05,-0.000562692583186583
805378.4411990665,-10.81515893834528,-99.0141413553372,-118.2094888009169,-745.1549753984815,-0.0002076658101676333,0.001309059139297862,-0.0001472538767335525,2.65200003863778e-10,0.4338851894998041,0.01830285576636325,-0.4334989770900003,0.0005636749204648362,2.37778587931931e-05,-0.0005631731788644151
807235.0302488382,-10.84468933390951,-98.99979993695632,-117.6737360735033,-742.9795200588454,-0.0002079534794061165,0.001312996268149537,-0.0001464862881346438,2.653647845045037e-10,0.4330254055339276,0.01856860909754228,-0.432627101085918,0.0005641763623565968,2.419250741594703e-05,-0.0005636574229324504
809095.8991783821,-10.8689728222367,-98.9780595291972,-117.0672136613947,-740.9696034152826,-0.0002080304776893923,0.001316715891074745,-0.0001457540140595666,2.654726219912007e-10,0.4321203765064529,0.01888734221364244,-0.4317074102863921,0.0005645068645958301,2.46737597050403e-05,-0.0005639673800476697
810961.0578538409,-10.89628622441824,-98.96004952536106,-116.4959879716893,-738.8606899513492,-0.0002082195042013843,0.001320605191768062,-0.0001450049048880955,2.656180417066317e-10,0.4312124493665859,0.01917679845001686,-0.4307858248479606,0.0005649050133688715,2.512234885771916e-05,-0.0005643461187225052
812830.5161640991,-10.92304607940603,-98.93612166968708,-115.8400419960269,-736.7001123671381,-0.0002082907151342975,0.001324652431062926,-0.0001442483545191034,2.657843441576687e-10,0.4301840291224087,0.01950420336912543,-0.4297416490903869,0.0005651957757286917,2.56255290919836e-05,-0.0005646145562773895
814704.2840208396,-10.94030907323155,-98.90639538857863,-115.1724498913482,-734.939168077684,-0.0002081178042454336,0.001328042653070135,-0.0001435725867232788,2.658084226137299e-10,0.4294041945201728,0.01988511563225323,-0.4289435212796789,0.0005655168454149595,2.618830464762786e-05,-0.0005649101478534176
816582.3713585923,-10.9620637032231,-98.88496203567696,-114.5983949403756,-733.0687814382554,-0.0002081629139356351,0.001331587006422102,-0.0001428778336203094,2.658737166805108e-10,0.4285545863507825,0.02019964894083185,-0.4280782728251429,0.0005658186480415756,2.666950353265087e-05,-0.0005651897734857898
818464.7881347899,-10.98328141156263,-98.87810041344987,-114.2523064209809,-731.4289158038225,-0.0002084736900207072,0.001334622379557201,-0.0001422303429030998,2.658569427345314e-10,0.427865480538597,0.02041218072636237,-0.4273783011741691,0.0005661332426467894,2.700852157916809e-05,-0.0005654886278183462
820351.5443298181,-11.00021453422592,-98.8647534387791,-113.8416345497506,-729.9148932735899,-0.0002086021511492865,0.001337487971733504,-0.0001416094893754228,2.657956729398868e-10,0.427173905539396,0.02067250289696955,-0.4266734034337687,0.000566358216377315,2.740813920737671e-05,-0.0005656946377360163
822242.6499470712,-11.02984921197406,-98.87086649878037,-113.6282305079476,-728.0364583763014,-0.000209279957464016,0.001340894233414894,-0.0001409202029463736,2.658685722329386e-10,0.426428593911238,0.02078497847596554,-0.4259217420781301,0.0005667661284272502,2.762530925099922e-05,-0.0005660924717934349
824138.1150130022,-11.05865058488291,-98.87993307130658,-113.4660692234573,-726.2431820269339,-0.0002100042392440401,0.001344138807235664,-0.0001402497836234041,2.659120776942891e-10,0.4258025208644218,0.0208812726645791,-0.4252902058905235,0.0005672639142943258,2.78185118376221e-05,-0.0005665813964997971
826037.9495771788,-11.08326104662561,-98.8752038353678,-113.1277727761454,-724.4699833535669,-0.0002104097357439176,0.001347463439004145,-0.0001395855711368262,2.659498412349689e-10,0.4251646038344138,0.0210792646136933,-0.4246417371820861,0.0005677539330310249,2.81487105979479e-05,-0.0005670557102823941
827942.1637123341,-11.10633697550344,-98.86235777802122,-112.6795779292702,-722.6626176734408,-0.0002106404653399956,0.001350927939809144,-0.0001389171041546548,2.660017793792799e-10,0.4243258307853302,0.02132694225863709,-0.4237895376310716,0.0005680168099429745,2.854896126679041e-05,-0.000567298909912914
829850.7675144225,-11.12814404644536,-98.85737218628879,-112.3604943778469,-721.0283549940825,-0.0002110029408714595,0.001354026646090105,-0.0001382841726476221,2.65991517788695e-10,0.423705171734452,0.02152693442311932,-0.4231579653614761,0.0005684249141334869,2.887962353852911e-05,-0.0005676908052381462
831763.7711026708,-11.14015755408543,-98.83757127367271,-111.8949237669668,-719.6754311239379,-0.0002109421222077939,0.001356718049678937,-0.0001377072508620083,2.658786438966147e-10,0.4231243551050267,0.02183796378343751,-0.4225604373587736,0.0005686888260196983,2.93507235800245e-05,-0.0005679309076507386
833681.1846196344,-11.16344569239732,-98.86194366117279,-112.0056911117305,-718.3748009009918,-0.0002118881470487702,0.001358994386254885,-0.000137142234544028,2.657474108112802e-10,0.422523916513695,0.021822114024494,-0.4219600163114675,0.0005688174460859668,2.937774332404473e-05,-0.0005680583026142196
835603.0182312478,-11.19336699407841,-98.89092105696672,-112.1333787681702,-716.8118835082913,-0.0002130221001176173,0.00136174236870088,-0.0001365291317028062,2.657143046007633e-10,0.4221435934383897,0.02178412452481249,-0.4215811492462204,0.000569444412818688,2.938537547795682e-05,-0.0005686857119696606
837529.2821268826,-11.23670105264491,-98.94954215503328,-112.599671449913,-715.0010865114534,-0.0002149237360355599,0.001364752692470177,-0.0001358710192739674,2.657745734983122e-10,0.4216250806173275,0.02152160054577277,-0.4210754437336807,0.000570038342773853,2.909726691540887e-05,-0.000569295232098789
839459.9865193974,-11.28006802179181,-98.98994784491875,-112.7909901572596,-712.9438046348487,-0.0002164849884020928,0.001368386172180307,-0.0001351684803046378,2.659284683641737e-10,0.420961125055552,0.02138637761211711,-0.4204175206395043,0.0005706636920761042,2.899182010370656e-05,-0.0005699267705775936
841395.1416451951,-11.32511598286537,-99.01699455367971,-112.768304420757,-710.6267940660953,-0.00021782258285476,0.001372642468328029,-0.0001344193249654608,2.661819198935752e-10,0.4201711516485576,0.02134335249942853,-0.4196287144390388,0.0005713511302007146,2.902281254906473e-05,-0.0005706135209871703
843334.7577642753,-11.36177195205995,-99.01328354401785,-112.3522103641191,-708.3010862960946,-0.0002184508509280285,0.00137717784557306,-0.0001336712592994918,2.664417170691736e-10,0.4192403341536473,0.02151835985731846,-0.4186877332455691,0.0005719067664175937,2.935427391415767e-05,-0.0005711529358037134
845278.8451602899,-11.3954406221802,-99.01000209266634,-111.9664889409851,-706.130754276394,-0.0002190451446029934,0.001381435772810728,-0.0001329551788214755,2.666459580417688e-10,0.4183672996668203,0.02169264857604841,-0.4178045313639658,0.0005724184563244419,2.968031302011202e-05,-0.0005716484655449406
847227.4141405963,-11.41993467603572,-98.98024367562334,-111.2607893014231,-704.0440895484102,-0.0002189927111070546,0.001385757955495038,-0.000132257402364541,2.668211641657762e-10,0.4172555200625681,0.02204647382417748,-0.4166726797074702,0.0005725794636689555,3.025330415316332e-05,-0.0005717796601867234
849180.4750363139,-11.43475863226887,-98.92036033857526,-110.1879425382654,-702.0132867544276,-0.0002182094849613313,0.001390224322280067,-0.0001315726020412533,2.669775846649216e-10,0.4163296500127048,0.02262707781610222,-0.4157143163630587,0.0005729987107315228,3.114187619318674e-05,-0.0005721518208020976
851138.0382023763,-11.43864425724916,-98.85230249253948,-109.0824708604948,-700.400296763541,-0.0002170970149510978,0.001393943614393281,-0.0001309683792400817,2.669769763937393e-10,0.4153334401472282,0.02326047393380169,-0.4146815849020862,0.0005729929678233719,3.209009124712579e-05,-0.0005720936699691641
853100.1140175896,-11.42629057827265,-98.75550994757366,-107.6828830765847,-699.1797187747047,-0.0002151730217113612,0.001397107957269827,-0.000130439448458802,2.668279437843808e-10,0.4143326432470179,0.02409809794889077,-0.4136312620381905,0.000572702267015958,3.330907074554204e-05,-0.0005717327981245138
855066.7128846832,-11.40413076261881,-98.66177545272407,-106.4053575930426,-698.4783446030549,-0.0002131542781024736,0.001399211944604281,-0.0001300088981492286,2.664815744997111e-10,0.4137625536099198,0.02493563738690606,-0.4130104898884657,0.0005725740729125758,3.450650459962167e-05,-0.0005715333499560738
857037.8452303697,-11.36647554108633,-98.57035363526256,-105.2782350320341,-698.5643783346482,-0.0002109464267044977,0.001399716279323112,-0.0001297258627476261,2.65835940053405e-10,0.4134289446798677,0.0257691703673684,-0.4126250624449352,0.0005721221027527556,3.56605702781379e-05,-0.000571009653320916
859013.5215053955,-11.33464750620528,-98.52496338828124,-104.7777821226708,-699.0010671131832,-0.0002097313713778377,0.00139917499139829,-0.0001295084096727737,2.650588399353912e-10,0.413317070367409,0.02628452471590751,-0.4124804533763468,0.000571619645390131,3.63516335872585e-05,-0.0005704625997657312
860993.7521846007,-11.31767578152945,-98.55392643063614,-105.2487162986658,-699.7298728545342,-0.0002102034893989794,0.001397505509647644,-0.0001293452685472976,2.641737836428612e-10,0.413719832780755,0.02629756310643629,-0.4128832016573197,0.0005714787096294009,3.632530093965327e-05,-0.0005703230558826538
862978.5477669701,-11.32380662357377,-98.65329355794108,-106.5754062202109,-700.2908903014556,-0.0002124007623715732,0.001395653314936083,-0.0001291512484083173,2.633550524920525e-10,0.4143007116007767,0.02581422869638528,-0.4134957136775673,0.0005716137016508113,3.561607887031619e-05,-0.000570503040167926
864967.9187756934,-11.36352379819705,-98.81377828571367,-108.5459331242883,-700.0505215939176,-0.000216290314940146,0.001394931559676107,-0.0001288099807024456,2.628395700570044e-10,0.4147186323024372,0.02487828820000569,-0.4139717559870981,0.0005720813344509886,3.431821771136735e-05,-0.0005710510600290828
866961.8757582165,-11.42726837133302,-99.01042758169699,-110.8644441992319,-699.1470031449218,-0.0002212432784318253,0.001395231592949617,-0.0001283478600498825,2.625739462257619e-10,0.4152476968542665,0.02368542958933607,-0.4145716466039875,0.0005731832167896162,3.269395790971528e-05,-0.0005722500372437646
868960.429286302,-11.50655697680345,-99.1994030557572,-112.9479734824833,-697.4078878090874,-0.0002262874211749085,0.001397232969955261,-0.0001277341395019078,2.626233135790411e-10,0.4152433371754611,0.0225163396502015,-0.414632419761613,0.0005742429228695127,3.113800399786043e-05,-0.0005733980808938501
870963.5899560805,-11.58562508831351,-99.36145258504384,-114.6314467679633,-695.3353545789297,-0.0002308178562295145,0.00140010285510374,-0.0001270616361739908,2.628002777174293e-10,0.4152219577041301,0.0215415082511116,-0.4146627998529863,0.0005755984052250042,2.986175842925027e-05,-0.0005748232767391046
872971.3683881117,-11.66335645369082,-99.51575456316397,-116.2051283254142,-693.2434091023271,-0.0002351901781622807,0.001403070959484886,-0.0001263880114742317,2.62987061417389e-10,0.4151459024648417,0.020620433976292,-0.4146334743312186,0.0005769104631237867,2.865533308758493e-05,-0.0005761983637145646
874983.775227436,-11.74598339604433,-99.6579594732014,-117.5551875988929,-690.7776536085012,-0.0002394233528114665,0.001406899221142859,-0.000125648819168832,2.633187906184285e-10,0.4145409187732984,0.01976233294472564,-0.4140695877917047,0.0005778226165500916,2.754643127883899e-05,-0.0005771656350828542
877000.8211436349,-11.82718079076851,-99.79026229518996,-118.7640734329944,-688.2680455071758,-0.0002434598974895202,0.001410912096232777,-0.0001249044002853037,2.636710962167595e-10,0.4141386756819671,0.01898774560774026,-0.41370316437314,0.0005790760442646222,2.654991977729927e-05,-0.0005784670835933378
879022.5168308843,-11.90059240247849,-99.89867521935697,-119.6778934874848,-685.8170359830707,-0.0002469276734381775,0.001415024948757774,-0.0001241733507883936,2.640048240788888e-10,0.4136684255852583,0.01838429934198905,-0.413259705105507,0.0005802332007762647,2.578679007502046e-05,-0.0005796599078258699
881048.8730080143,-11.97991415579206,-100.0064003263535,-120.5280276418124,-683.1021888379198,-0.0002504969830514561,0.001419711587152725,-0.0001233973430092105,2.644444487644208e-10,0.4129765130519256,0.01777797095195318,-0.4125936791582717,0.0005813106989987318,2.502448539866391e-05,-0.0005807718174127651
883079.9004185627,-12.04831355469261,-100.0926455136734,-121.1462156628709,-680.6169811393057,-0.0002534885752586359,0.001424135520055814,-0.0001226656351812113,2.647996161751783e-10,0.4122167770123571,0.01732553188222936,-0.4118525187436071,0.0005821419765747992,2.446751306007216e-05,-0.0005816275627023442
885115.6098308356,-12.11843938318857,-100.1794048368171,-121.7534643263708,-678.0757009966103,-0.0002565334065082515,0.001428699137306231,-0.0001219265578478931,2.651807228026651e-10,0.4115320018351202,0.01687442413888338,-0.4111858975504905,0.0005831320835956614,2.391069968727823e-05,-0.0005826416611941531
887156.0120379608,-12.19038642111788,-100.2611581396795,-122.2679870238793,-675.3996356638426,-0.0002595294422854356,0.001433622119986237,-0.0001211660509761232,2.656191053680586e-10,0.4107095402185459,0.01645547269697376,-0.4103797556469477,0.0005840588156384223,2.340087812192218e-05,-0.0005835898380096072
889201.1178579485,-12.25679667523699,-100.3263911432013,-122.5822553276141,-672.7649379136399,-0.0002621300548382544,0.001438641421609009,-0.0001204158016195534,2.660460296691983e-10,0.4098345150006435,0.01615448805374921,-0.4095160097011275,0.0005849121175286659,2.305553941715999e-05,-0.0005844575496424454
891250.9381337455,-12.31907549796991,-100.3928141953601,-122.9447821520861,-670.3469292674757,-0.0002646931399581727,0.001443218902528402,-0.0001197070575912052,2.663915883639889e-10,0.4090263823579858,0.01584915332712982,-0.4087192016576592,0.0005856761154988151,2.269406315814211e-05,-0.000585236270033869
893305.4837332955,-12.38782239402946,-100.457296148473,-123.2224146888085,-667.625285386544,-0.0002673475092579021,0.001448502349320537,-0.000118946839840658,2.668623800474726e-10,0.4081250126521666,0.01555557521299061,-0.4078284566237674,0.0005865817332510286,2.235740517557895e-05,-0.0005861555051499523
895364.7655495937,-12.44949351516993,-100.515722605871,-123.4672931103273,-665.1512030159707,-0.0002697734468831473,0.001453341433311794,-0.0001182334909041592,2.672389463267296e-10,0.4072875807795533,0.01530896168354175,-0.4069997655397765,0.0005873796712455719,2.207819070637677e-05,-0.0005869645915110119
897428.7945007486,-12.50180262708694,-100.5415662158004,-123.3137373407451,-662.6581034299919,-0.0002714236302055369,0.001458564730068036,-0.0001175194214705974,2.676274268185085e-10,0.4063472870740582,0.01529075060396223,-0.4060594915260749,0.0005881137816117987,2.213058004184527e-05,-0.0005876972499074179
899497.5815300351,-12.55892243030688,-100.5849726780467,-123.374138230951,-660.20148201468,-0.0002735039812982755,0.00146357848070251,-0.0001168144656047892,2.680054568326792e-10,0.4053314141599256,0.01514587040605632,-0.4050483402194461,0.0005886775785331665,2.199689933703612e-05,-0.0005882664599373558
901571.1376059571,-12.61369483192026,-100.6330879229994,-123.520186390891,-657.9227236256966,-0.0002756411482114534,0.001468185729583447,-0.0001161435290792085,2.683151808911866e-10,0.404491341229377,0.01497524260026491,-0.4042140364195725,0.0005893334869034582,2.181854353671975e-05,-0.0005889294609235684
903649.4737223014,-12.6669894757429,-100.6647652480747,-123.4392106838113,-655.4928385036765,-0.0002774487824926011,0.001473321880203139,-0.000115448443719514,2.686904188993905e-10,0.4035120685415898,0.01491618868349583,-0.4032362790894081,0.0005899583544844585,2.180834432709884e-05,-0.0005895551341000439
905732.6008982003,-12.71222242235478,-100.6866396457947,-123.2825147185863,-653.2892325785772,-0.0002789289301493867,0.001478078761916951,-0.0001147957029817431,2.689766816237207e-10,0.4026326283066748,0.01493018598640958,-0.4023557169017886,0.0005905489790842824,2.189838942982274e-05,-0.0005901428278288807
907820.5301781857,-12.76192351475669,-100.722100953616,-123.2835831933125,-651.0832244782594,-0.0002807590047395608,0.001482739821250232,-0.0001141449329413007,2.692673064400289e-10,0.4018336537232268,0.0148521642559757,-0.401559084670577,0.0005912377665711218,2.185272523116933e-05,-0.0005908337795183848
909913.2726322517,-12.81700209501216,-100.7606580822458,-123.2834324974628,-648.694028087477,-0.0002827583848977032,0.001487820966362006,-0.0001134645072553427,2.696374627468536e-10,0.4008495122206646,0.01474628371118847,-0.4005781803396858,0.000591818980011106,2.177158838628132e-05,-0.0005914183823999084
912010.8393559096,-12.85984562371931,-100.7770771799824,-123.0658451646636,-646.5389660741721,-0.0002841131677216844,0.001492617496439048,-0.0001128274664201346,2.699140099293762e-10,0.3998723892385572,0.01479581397777194,-0.3995985630155435,0.0005922441211306558,2.191382571415931e-05,-0.0005918385618193464
914113.2414702504,-12.90707880544737,-100.8127722647637,-123.0869588077846,-644.4638902131901,-0.0002859268375208926,0.00149706779507672,-0.0001122066819715792,2.701603082237178e-10,0.3990382793991663,0.01471650618312881,-0.3987668151584444,0.0005927731126467195,2.186143442326647e-05,-0.0005923698513275618
916220.4901219996,-12.96004185439856,-100.8506130960796,-123.0902493664079,-642.1791706274342,-0.0002878999028246831,0.001502014349400853,-0.0001115517394098014,2.70497911768115e-10,0.3980814312258118,0.01461840463318986,-0.3978129310778762,0.0005933120935828355,2.178769361598024e-05,-0.0005929119131865572
918332.596483581,-12.99898006272394,-100.8621895089727,-122.8339243265628,-640.1422913172107,-0.0002891092099902025,0.001506676865847029,-0.0001109421688127214,2.707345060407124e-10,0.3972160019610699,0.0147063216929294,-0.3969436689458604,0.0005938141099986653,2.198506929309664e-05,-0.0005934069884671772
920449.5717531712,-13.05378060129424,-100.9047465542423,-122.8868881608774,-637.8579769952185,-0.0002912260102980706,0.001511640798763877,-0.0001102920280966883,2.710791657962555e-10,0.3963963326248225,0.01458164734831041,-0.396128045054902,0.0005945567594587432,2.187108275592234e-05,-0.0005941543536465633
922571.4271547634,-13.09987069763483,-100.9301659315853,-122.7670083244838,-635.7173165425903,-0.0002928544698784389,0.00151647140603568,-0.0001096690731566474,2.713664105534252e-10,0.3953392041800993,0.01456726642328887,-0.3950707292507345,0.0005948473751844324,2.191864632670775e-05,-0.0005944434142178829
924698.1739382225,-13.14485604303665,-100.9508682715212,-122.5888267780433,-633.5649402823964,-0.0002943785868775286,0.001521410692290619,-0.0001090463838445965,2.716620634022938e-10,0.3944699607974017,0.01459255548315486,-0.3941999585184842,0.0005954442959284775,2.202716249394476e-05,-0.0005950367330394197
926829.8233793494,-13.19588761501127,-100.9811620935544,-122.4958999869332,-631.2948490449285,-0.0002962140650652801,0.001526568754630301,-0.0001084057647256228,2.720118886372449e-10,0.3934676423820735,0.01454723933504418,-0.3931986310116507,0.0005959356475668841,2.203286257786308e-05,-0.0005955282100854556
928966.3867799363,-13.23363047118874,-100.9843927513165,-122.1301195037246,-629.2200320735174,-0.0002972739208488213,0.001531569008293741,-0.0001078009708661981,2.72281159344342e-10,0.3924660864841427,0.01468765491536587,-0.3921911547106406,0.0005963015611169877,2.231599584473687e-05,-0.0005958838377737848
931107.8754678305,-13.28067993123526,-101.005504172179,-121.9397327071072,-627.003951745034,-0.0002988695103202338,0.001536762135414848,-0.0001071742392987869,2.726150661837878e-10,0.3915068371988131,0.01470708194831404,-0.3912305015128339,0.0005968327225641527,2.242021575661254e-05,-0.0005964114625397183
933254.300796991,-13.31225785881824,-100.9931166317697,-121.4063210983706,-624.9822347033164,-0.0002995155564656851,0.001541862895727292,-0.0001065829666283951,2.728679066020396e-10,0.3904656942939012,0.01495168826679292,-0.3901793247192769,0.0005971247602332542,2.286506446497452e-05,-0.0005966868258229218
935405.674147552,-13.34029974759324,-100.9774683283177,-120.8575160633534,-623.0660754878979,-0.0003000301723937323,0.001546768692013553,-0.0001060118069918023,2.730775677869497e-10,0.3894429449977894,0.01521804866528668,-0.3891454977297979,0.0005973521987619405,2.334240470353575e-05,-0.0005968959553459725
937562.0069258802,-13.36357607527853,-100.9761346276729,-120.5473582308478,-621.54448882745,-0.0003007299330218257,0.001550569296900049,-0.0001055096911112721,2.731164832571852e-10,0.3887580414391587,0.01539962291060481,-0.3884529140035144,0.0005976920341787369,2.367599113564663e-05,-0.0005972229191553697
939723.310564638,-13.39065069395262,-100.9830490307047,-120.321328089582,-619.9787872937504,-0.0003016699284171961,0.001554412333645771,-0.0001050018526736674,2.731764779346927e-10,0.387992673184367,0.01552182921829059,-0.3876820698232886,0.0005979353217574553,2.392068353180647e-05,-0.0005974566510673077
941889.5965228414,-13.42988906617813,-101.0208180080421,-120.4245688278796,-618.3311365557978,-0.0003034622093134835,0.001558154906535143,-0.0001044819448200567,2.73274441471755e-10,0.3872645235574232,0.01543696579156167,-0.3869567305181655,0.0005982539925294728,2.38473339424629e-05,-0.0005977785076776273
944060.8762859236,-13.46898743491909,-101.0632935276342,-120.5926190893591,-616.7569409147,-0.000305350565388047,0.001561679993663258,-0.0001039762565089937,2.73341822631852e-10,0.3867675299420263,0.01533015701747708,-0.386463592726761,0.0005988513889278336,2.373644401786782e-05,-0.0005983807878317802
946237.161365793,-13.52086029503834,-101.124536895368,-120.9154700670734,-614.9172738914483,-0.0003078736536162151,0.001565695668880636,-0.0001034276899367977,2.735290382606985e-10,0.3859235629748948,0.01508399027209924,-0.385628668146844,0.0005991331723175388,2.341738056434147e-05,-0.0005986753581522981
948418.4633008973,-13.57219443655351,-101.1755552588213,-121.0992234155654,-612.9681954853545,-0.0003101966314300621,0.001570122945882419,-0.0001028627362757933,2.737676892993062e-10,0.3851689173573588,0.01491128705598933,-0.3848801741017245,0.0005996837617572828,2.321593542835635e-05,-0.0005992342066817881
950604.7936562814,-13.62189587183448,-101.2147138902659,-121.1307983142298,-610.9317707360841,-0.0003122649712846463,0.001574930525520779,-0.0001022852102718195,2.740484947467307e-10,0.3843191630073181,0.01481539782918767,-0.3840334920834489,0.0006001997397268641,2.313753457268813e-05,-0.0005997536011247395
952796.1640236521,-13.67334420249067,-101.254161958172,-121.1508201760876,-608.8351647390614,-0.0003143852979277302,0.001579921822874693,-0.0001016997440325385,2.743597531464546e-10,0.3833999493862587,0.01471559438912974,-0.3831174395288739,0.0006006692369093332,2.305478878266808e-05,-0.0006002266312680796
954992.5860214359,-13.72416612317044,-101.2912495320206,-121.1420558705073,-606.7390050421803,-0.0003164567531920446,0.001584971083666123,-0.0001011165041829486,2.746744202861229e-10,0.3824995304793951,0.01463297315087155,-0.3822195271224686,0.0006011761949287813,2.299870828157753e-05,-0.0006007361124207757
957194.0712948447,-13.77211242530107,-101.3183481102034,-121.018363767242,-604.6300016215453,-0.0003182826944534793,0.001590198876210627,-0.000100533273643823,2.749985720045584e-10,0.3814195061193372,0.01461058630283813,-0.381139568158708,0.000601437416189369,2.303855239181552e-05,-0.0006009959989020175
959400.6315159331,-13.8184107180555,-101.3403230925739,-120.8371549529694,-602.5237383786423,-0.0003199827439558948,0.00159551256548534,-9.995264558211447e-05,2.753252039582417e-10,0.3805228515429293,0.01462953610023637,-0.3802415248494752,0.0006019989317124884,2.314437902502158e-05,-0.0006015538641738771
961612.2783836648,-13.85942404775237,-101.3620767176329,-120.6948330710875,-600.6311831877749,-0.0003215741383385444,0.001600295971900538,-9.940952702907164e-05,2.755575125723958e-10,0.3797684767637517,0.01465559837946783,-0.3794855852066056,0.0006025763919797366,2.325395111531994e-05,-0.0006021275296221254
963829.0236239705,-13.90912068412959,-101.3994126397038,-120.6942080311021,-598.6082424038593,-0.0003236646759925083,0.001605282854784236,-9.884684774889603e-05,2.758528270720576e-10,0.3787142855730594,0.0145673159743108,-0.3784340145949058,0.0006027787096914634,2.31859960428373e-05,-0.0006023326177825728
966050.8789898136,-13.950021283322,-101.4165308953021,-120.4883143363791,-596.6669228561965,-0.0003251793054751356,0.00161031164427024,-9.829967780920117e-05,2.761138355738522e-10,0.3779021289708004,0.01462223431019744,-0.3776191326514603,0.0006033296384103905,2.334474103956446e-05,-0.0006028778281295541
968277.856261249,-13.99689990259817,-101.4407290644228,-120.3301523766578,-594.5893210697116,-0.0003269700657318975,0.001615662454952238,-9.773210132398836e-05,2.764413637058744e-10,0.3767939317763082,0.01461914135362303,-0.3765102226096019,0.0006035334089667052,2.341635433384921e-05,-0.0006030789750013541
970509.9672454898,-14.03371199919052,-101.4483794081534,-120.0282207407304,-592.6903079593282,-0.0003282252412888973,0.001620751504429554,-9.719590258522732e-05,2.766892627723172e-10,0.3759230693788353,0.01473394274490266,-0.3756342170548292,0.0006039736704942496,2.367216647596354e-05,-0.0006035095883120919
972747.2237769651,-14.08082221965044,-101.4712981223577,-119.8501354407825,-590.5964464306146,-0.0003300127314699284,0.001626233844177021,-9.662977341325408e-05,2.770315947796373e-10,0.3748301051596537,0.01473985789833862,-0.3745401771814792,0.0006042255713700701,2.376062898347993e-05,-0.0006037582079009751
974989.6377173872,-14.11183778986887,-101.4645631305391,-119.4009696854485,-588.7381137816514,-0.0003308705301591894,0.00163144480606003,-9.610418138834498e-05,2.772668698245285e-10,0.3738929186068801,0.01494539712578413,-0.3735940975030571,0.0006045531584755993,2.41654403906078e-05,-0.0006040699900785926
977237.2209558106,-14.13708522000531,-101.4500550383913,-118.8943247348454,-587.0029682089993,-0.0003314512370442141,0.001636435215855817,-9.560055838714462e-05,2.774468729684388e-10,0.3729329840097356,0.01519974807702807,-0.3726231047865934,0.0006047355956114226,2.464740074121517e-05,-0.0006042331058757075
979489.9854086991,-14.16970399026514,-101.456802300872,-118.6147391281753,-585.2683526023237,-0.0003326189331719647,0.001641206957016834,-9.509882973744071e-05,2.776291673849846e-10,0.3720328997552769,0.0153175761868081,-0.3717174334895812,0.0006049703220375067,2.490822452708606e-05,-0.0006044573358782841
981747.9430199844,-14.19281144843749,-101.4498906830972,-118.2281437723775,-583.7225174005774,-0.0003333094264869636,0.001645633698494805,-9.462950719567301e-05,2.777241747013121e-10,0.3712516853552246,0.01552842818986723,-0.3709267876509417,0.0006052338499386076,2.531525309536562e-05,-0.0006047041847649366
984011.1057611339,-14.22245241639282,-101.4538961628696,-117.9359910024156,-582.0709336256915,-0.0003343658022356553,0.001650256321463606,-9.41447365525276e-05,2.778716364920882e-10,0.3704065468649408,0.01566542532420246,-0.370075133465924,0.0006054808459127389,2.560730920433608e-05,-0.0006049391047721409
986279.4856312105,-14.25489418586537,-101.4790107431296,-117.9022174701315,-580.5965135782513,-0.0003359102185864447,0.00165415295803071,-9.369028396526076e-05,2.7793657923059e-10,0.3696477009932779,0.01566966240889553,-0.3693154268773605,0.0006056406060906124,2.567359086248275e-05,-0.0006050961993584411
988553.094656939,-14.28076638984562,-101.4977606310073,-117.8348427599733,-579.2926468606854,-0.0003371863726586787,0.001657655594285309,-9.326488252678159e-05,2.779214812204982e-10,0.3690517263190364,0.01572203277527932,-0.3687166857961191,0.0006059040217139573,2.581221603560621e-05,-0.000605353956815745
990831.9448927676,-14.31618544204459,-101.5305164807448,-117.8772376676766,-577.8097157400889,-0.0003389623277123517,0.001661522869871074,-9.281217960378796e-05,2.779939161167022e-10,0.368364145147572,0.01568066856771985,-0.3680302434088411,0.0006061755103102076,2.580391549029528e-05,-0.0006056260457123772
993116.048420934,-14.36003287775826,-101.5775366345439,-118.040844185076,-576.1969490493266,-0.0003412210680550586,0.001665614472024718,-9.234025850400932e-05,2.78130859106331e-10,0.3676606361122244,0.01554762489992569,-0.3673317502019349,0.0006065279019964395,2.564883859010979e-05,-0.0006059853405645891
995405.417351527,-14.41115211522365,-101.6301494874335,-118.2194030709222,-574.3853882592716,-0.0003437665822777388,0.001670237682672995,-9.183823212902704e-05,2.783663585446309e-10,0.3668226196735133,0.01537395258930265,-0.3665003081662017,0.0006068575742727309,2.54340901431653e-05,-0.0006063243542121431
997700.0638225536,-14.4575689342475,-101.6718081407514,-118.288570857822,-572.6126197009704,-0.0003459970488485767,0.001674906333834424,-9.134421476635062e-05,2.785859543408284e-10,0.366165271534632,0.01527876154754861,-0.365846368744592,0.0006074719938151283,2.534762431569765e-05,-0.0006069429307696709
1000000,-14.50631290775666,-101.7224291475557,-118.4559835271035,-570.8768087180899,-0.0003484694909273563,0.001679384569633913,-9.085786600401043e-05,2.787903461156173e-10,0.3653851223437846,0.01512200850963023,-0.3650720647883334,0.0006078268338027692,2.51558205057372e-05,-0.0006073060551199719
